READ SERR 1 2
@wdata.pco
!
2.00875 0.007459998 0.0358581 0.0063991267 0.036037814
2.021185 0.0049749613 0.041009814 0.008350759 0.03592704
2.031135 0.0049749613 0.045686945 0.008838528 0.035830088
2.04109 0.004979968 0.037566546 0.008002229 0.035728194
2.051045 0.0049750805 0.032926433 0.0074684364 0.03562085
2.0609999 0.004979968 0.03576615 0.007827042 0.035508398
2.07096 0.004979968 0.036229905 0.007825078 0.035387613
2.0834098 0.0074700117 0.034742277 0.0062929164 0.035219796
2.09586 0.0049800873 0.04943937 0.009137373 0.035029467
2.1058202 0.004979968 0.036296155 0.007824798 0.034852106
2.1157851 0.004984975 0.040927436 0.008333984 0.034647234
2.12824 0.0074700117 0.025979416 0.005450139 0.034340724
2.140695 0.004984975 0.04772468 0.008975058 0.033973273
2.15316 0.0074800253 0.031540904 0.0059822975 0.0335194
2.1681151 0.0074750185 0.02556478 0.0054480974 0.03285296
2.1805801 0.0049899817 0.0324314 0.007447895 0.03218205
2.190555 0.004984975 0.04279221 0.0084981425 0.03156057
2.20053 0.0049899817 0.034492657 0.007629917 0.030867586
2.210505 0.004985094 0.0375941 0.007993726 0.030108968
2.2179852 0.0024949312 0.06618674 0.014890276 0.029507505
2.23046 0.009979963 0.019280322 0.0040801037 0.028446972
2.24543 0.0049899817 0.03622332 0.0078090956 0.027149254
2.257905 0.007485032 0.026948815 0.0055515952 0.026090734
2.27038 0.004990101 0.034227367 0.0076308805 0.025091553
2.282855 0.007485032 0.025927283 0.005439202 0.02419287
2.29783 0.0074899197 0.027952095 0.0056580636 0.023263233
2.315305 0.00998497 0.018570969 0.003991767 0.022407962
2.33278 0.007490039 0.024933152 0.0053206948 0.021773389
2.34776 0.0074899197 0.022759669 0.0050842054 0.0213985
2.3652349 0.009985089 0.016042167 0.0037227692 0.021125749
2.382715 0.0074949265 0.022656424 0.0050811907 0.020987902
2.400195 0.00998497 0.02023468 0.0041615106 0.020956678
2.4201748 0.009994984 0.018486345 0.003988041 0.02099062
2.4426548 0.012485027 0.014984365 0.003191891 0.021050744
2.462635 0.0074950457 0.02292018 0.0050799656 0.021080015
2.477625 0.0074950457 0.024784438 0.005317687 0.021072792
2.4926152 0.0074950457 0.029217264 0.0057611004 0.021040827
2.507605 0.0074949265 0.0215482 0.0049588648 0.020991156
2.5226002 0.0075000525 0.026139298 0.005427239 0.020929812
2.5375953 0.0074950457 0.021547858 0.0049587856 0.02086468
2.5550852 0.009994984 0.017622313 0.003900636 0.020789774
2.572575 0.0074949265 0.023808667 0.005200454 0.020717526
2.5875702 0.0075000525 0.026227279 0.0054268828 0.020655537
2.605065 0.009994984 0.019317366 0.0040737046 0.020578647
2.62006 0.004999995 0.032894336 0.007430636 0.020504138
2.6375551 0.012495041 0.015346653 0.0032590495 0.020397816
2.657545 0.0074949265 0.022612404 0.005081381 0.020250427
2.6725402 0.0075000525 0.021797411 0.0049543036 0.020114368
2.69004 0.00999999 0.02123285 0.004236692 0.019928271
2.710035 0.009994984 0.016125314 0.0037186444 0.019683992
2.73003 0.00999999 0.018477088 0.0039860443 0.019416582
2.750025 0.009994984 0.021144459 0.0042392 0.019145284
2.76752 0.0075000525 0.023836385 0.0051967134 0.018921219
2.78252 0.0074999332 0.030261716 0.0058630616 0.018750565
2.80002 0.00999999 0.017679475 0.0038984038 0.018582696
2.82002 0.00999999 0.01924171 0.0040719323 0.018432256
2.842515 0.012495041 0.012819683 0.002974955 0.018310476
2.86251 0.0074999332 0.024812277 0.0053140395 0.018231787
2.87751 0.0075000525 0.026271269 0.0054267044 0.018185882
2.89501 0.00999999 0.017778452 0.003897985 0.018140769
2.91251 0.0075000525 0.023924366 0.005196341 0.018098185
2.93251 0.0124999285 0.012735488 0.002974143 0.018045597
2.95751 0.012500048 0.015525265 0.0032569955 0.017962663
2.98251 0.0124999285 0.016031535 0.0033247478 0.01785294
3.005005 0.009995103 0.020379212 0.0041566365 0.017730577
3.0225 0.0074999332 0.021445833 0.0049559446 0.017623222
3.04 0.00999999 0.021100879 0.004237206 0.017506197
3.06 0.00999999 0.020138301 0.0041555217 0.017363545
3.0749998 0.004999995 0.032894336 0.007430636 0.017250298
3.0925 0.012500048 0.014676024 0.003189257 0.017109472
3.115 0.00999999 0.020270273 0.004154998 0.016917186
3.135 0.00999999 0.017046824 0.0038080327 0.016735654
3.155 0.00999999 0.01860906 0.003985498 0.016548106
3.175 0.00999999 0.018576067 0.0039856345 0.01635993
3.195 0.00999999 0.017013831 0.0038081757 0.016176872
3.2175 0.012500048 0.013853177 0.0031199364 0.015983565
3.24 0.00999999 0.016947847 0.0038084616 0.015806593
3.2625 0.012500048 0.012867336 0.002973529 0.015646737
3.285 0.00999999 0.017646482 0.0038985433 0.015499516
3.305 0.00999999 0.017844439 0.0038977056 0.015375117
3.325 0.00999999 0.016051255 0.0037170753 0.015252207
3.3425 0.0074999332 0.023616811 0.005197727 0.015143265
3.3575 0.0075000525 0.025075821 0.0053128623 0.015047003
3.3775 0.012500048 0.013426242 0.0030473263 0.014914392
3.3975 0.0074999332 0.023792773 0.005196982 0.014777525
3.415 0.00999999 0.01688186 0.0038087473 0.014654721
3.4375 0.012500048 0.014887176 0.003188383 0.01449684
3.46 0.00999999 0.017943416 0.0038972867 0.01434318
3.4850001 0.014999986 0.010722832 0.0024779525 0.014182876
3.51 0.00999999 0.017778452 0.003897985 0.014034709
3.5325 0.012500048 0.013531818 0.003046869 0.01391199
3.555 0.00999999 0.016348189 0.0037157573 0.013795783
3.58 0.014999986 0.013249573 0.0027710465 0.013670111
3.6025 0.0074999332 0.021489823 0.0049557495 0.013557078
3.625 0.015000105 0.012383946 0.0026570687 0.013441888
3.6525002 0.0124999285 0.0128410645 0.0029736746 0.013298755
3.6775 0.012500048 0.014117118 0.0031188198 0.013165493
3.7075 0.017499924 0.010938741 0.0023270554 0.013001792
3.7424998 0.017500043 0.009970552 0.0022282102 0.012804554
3.7725 0.012500048 0.012788154 0.0029738804 0.0126304235
3.7975001 0.0124999285 0.016137112 0.0033243287 0.012482716
3.82 0.00999999 0.017046824 0.0038080327 0.012348843
3.84 0.00999999 0.016183225 0.0037164895 0.012230128
3.8674998 0.017500043 0.011319033 0.0023753243 0.012068023
3.9 0.014999986 0.011232579 0.00253926 0.011878215
3.9325 0.017500043 0.00907785 0.0021244541 0.01169123
3.9625 0.0124999285 0.012814671 0.0029737917 0.01152426
3.9925 0.017500162 0.008983524 0.0021248579 0.011366639
4.03 0.01999998 0.008275967 0.0019050881 0.011180916
4.0675 0.017499924 0.009876355 0.002228624 0.010996864
4.1 0.0149998665 0.010568949 0.0024786557 0.0108309975
4.1324997 0.017500162 0.00951471 0.0021769763 0.010658865
4.1625004 0.012500048 0.0148079945 0.003188711 0.010500186
4.1925 0.017499924 0.009040206 0.002124636 0.010348059
4.2325 0.022500038 0.008833026 0.0018473594 0.010158519
4.2775 0.022500038 0.007857524 0.0017326194 0.009952486
4.325 0.024999857 0.006847472 0.001560318 0.009726879
4.37 0.01999998 0.0095548695 0.0020362334 0.009510687
4.4075003 0.017500162 0.009058935 0.0021245233 0.009337595
4.44 0.0149998665 0.011276659 0.0025390899 0.009191061
4.4725 0.017499924 0.009876355 0.002228624 0.009042096
4.5024996 0.012500048 0.015419688 0.0032574234 0.00890222
4.5275 0.012500048 0.013399848 0.0030474407 0.008786413
4.5575 0.017499924 0.009800943 0.002228943 0.008651909
4.5924997 0.017500162 0.009970484 0.0022281948 0.008502009
4.6375 0.027499914 0.0061649713 0.0014187209 0.008319398
4.6800003 0.015000105 0.010766736 0.0024777376 0.008151832
4.7125 0.017499924 0.009627958 0.0021765162 0.008024436
4.7574997 0.027499914 0.006853032 0.0014812889 0.007847693
4.805 0.01999998 0.008242974 0.0019052309 0.0076653706
4.845 0.01999998 0.00925504 0.0019929537 0.007517409
4.88 0.015000105 0.011210495 0.0025393353 0.007390659
4.92 0.025000095 0.006222516 0.0014877013 0.0072471504
4.9625 0.017499924 0.0091344705 0.0021242176 0.007093343
5.0025 0.022500038 0.0073270686 0.0016935341 0.0069458745
5.0425 0.017499924 0.009153323 0.002124134 0.0067975502
5.0825 0.022500038 0.0070752185 0.0016522894 0.0066500255
5.1324997 0.027499914 0.005656872 0.0013524651 0.0064673987
5.18 0.01999998 0.008757256 0.0019495509 0.0062948144
5.2225 0.022500038 0.008537185 0.0018098023 0.006144483
5.2675 0.022500038 0.0070019015 0.0016526147 0.0059958044
5.3199997 0.029999971 0.0053743427 0.0012706775 0.005839402
5.3824997 0.03250003 0.0045124716 0.0011456041 0.005666035
5.4325 0.017499924 0.008964793 0.0021249705 0.00552639
5.465 0.015000105 0.011056529 0.0025400019 0.005433075
5.505 0.025000095 0.0064491807 0.0015248058 0.005317544
5.5475 0.017499924 0.008870528 0.0021253885 0.0051951506
5.5875 0.022500038 0.007901514 0.0017324332 0.0050800364
5.6475 0.037499905 0.0044153994 0.001040841 0.004908594
5.7200003 0.035000086 0.004416381 0.0010627707 0.0047090896
5.79 0.034999847 0.004312719 0.0010632377 0.0045266
5.855 0.03000021 0.0057391464 0.001300109 0.0043593673
5.915 0.029999971 0.0053523476 0.0012707727 0.0042057843
5.9750004 0.029999971 0.0053523476 0.0012707727 0.004058004
6.0475 0.04250002 0.003551634 0.0008756033 0.0038895071
6.13 0.03999996 0.0039235307 0.00095347204 0.0037076697
6.1975 0.027499914 0.005764848 0.0013519861 0.0035606262
6.27 0.045000076 0.0033029949 0.0008271851 0.003397845
6.365 0.049999952 0.0031256275 0.00076283474 0.0031987184
6.4449997 0.029999971 0.00538534 0.0012706299 0.003044148
6.5249996 0.049999952 0.0029661048 0.0007444978 0.0028856588
6.6425 0.067500114 0.00225662 0.0005653149 0.0026554773
6.7650003 0.055000067 0.0027084504 0.00067676156 0.002429196
6.8625 0.04250002 0.003528345 0.0008757065 0.0022572586
6.985 0.07999992 0.001899904 0.00047700352 0.0020648746
7.135 0.06999993 0.001981962 0.0005323895 0.0018398432
7.3175 0.11249995 0.001142307 0.0003316666 0.0015844511
7.5074997 0.077500105 0.0017220413 0.00048116824 0.0013616529
8.0825 0.49749994 0.0005545808 0.00014364508 0.0007537083
8.925 0.34500027 0.00044756976 0.00015387702 0.00043567538
