IC 10 120244 IC 5.121154745592E+00 5.928091215708E+01 3.044750E+04
NGC 221 2241 0672130601 1.067713407334E+01 4.086468229176E+01 4.517190E+04
NGC 221 2241 0672130101 1.067711861635E+01 4.086440116189E+01 4.298760E+04
NGC 221 2241 0672130701 1.067722286019E+01 4.086470756713E+01 4.337590E+04
NGC 221 2241 0672130501 1.067713157905E+01 4.086467981732E+01 1.413130E+04
NGC 221 2241 0505760201 1.067682426349E+01 4.086482313461E+01 1.129330E+04
NGC 300 7023 IC 342
IC0305860301 1.379179485683E+01 -3.770341873689E+01 1.237340E+04
NGC 300 7023 0112800101 1.379173801954E+01 -3.770340478840E+01 1.350410E+04
NGC 891 102935 0670950101 3.563926492151E+01 4.234079687293E+01 1.135290E+05
NGC 1313 894 0405090101 4.958286479617E+01 -6.648636708840E+01 1.210450E+05
NGC 1313 894 0301860101 4.958295289695E+01 -6.648631811083E+01 3.719070E+04
NGC 1313 894 0205230301 4.958346167740E+01 -6.648643132275E+01 2.553000E+04
NGC 1313 894 0106860101 4.958281513007E+01 -6.648629082112E+01 2.882290E+04
NGC 1313 894 0150280301 4.958357364179E+01 -6.648623759370E+01 1.358160E+04
NGC 1313 894 0150280601 4.958306096230E+01 -6.648650740139E+01 1.106950E+04
NGC 1313 894 0205230601 4.958234297484E+01 -6.648623868597E+01 1.141900E+04
NGC 1313 894 0150281101 4.958236626715E+01 -6.648645547407E+01 1.036420E+04
IC 342 10328 0206890201 5.648167103760E+01 6.808214723356E+01 1.591390E+04
IC 342 10328 0206890101 5.648173030865E+01 6.808201451080E+01 2.944130E+04
IC 342 10328 0206890401 5.648185116414E+01 6.808219298740E+01 1.388860E+04
IC 342 10388 0206890101 5.656520166338E+01 6.818685186659E+01 2.900120E+04
NGC 2403 16021 0164560901 1.141065616022E+02 6.559434125620E+01 2.921330E+04
NGC 2403 15979 0164560901 1.142315065161E+02 6.559469285216E+01 1.163950E+04
HOLMBERG II 6996 0561580401 1.248708335351E+02 7.070537193097E+01 5.426940E+04
HOLMBERG II 6996 0200470101 1.248708412334E+02 7.070534447836E+01 2.132080E+05
HOLMBERG II 6996 0112520601 1.248707707675E+02 7.070527505028E+01 3.490870E+04
HOLMBERG II 6996 0112520701 1.248707318031E+02 7.070536849584E+01 1.699500E+04
NGC 4190 15621 0654650201 1.834387420389E+02 3.663193344971E+01 1.644480E+04
NGC 4190 15621 0654650301 1.834386348400E+02 3.663183002859E+01 2.860960E+04
NGC 4395 7019 0142830101 1.865059347507E+02 3.352528425595E+01 3.185690E+04
NGC 4517 352333 0203170301 1.881779371032E+02 1.152398707967E-01 1.593250E+04
NGC 4559 352633 0152170501 1.889654938596E+02 2.793450304229E+01 2.002160E+04
NGC 4559 352909 0152170501 1.889936512544E+02 2.796165664431E+01 1.030850E+04
NGC 5204 5218 0142770101 2.024109766566E+02 5.841813874039E+01 1.722020E+04
NGC 5204 5218 0405690201 2.024108910416E+02 5.841819716749E+01 5.090750E+04
NGC 5204 5218 0405690501 2.024109004049E+02 5.841821069089E+01 2.981700E+04
NGC 5204 5218 0405690101 2.024108425584E+02 5.841826618109E+01 2.427360E+04
NGC 5408 1915 0500750101 2.108317459093E+02 -4.138283067825E+01 7.796580E+04
NGC 5408 1915 0302900101 2.108318735507E+02 -4.138290659018E+01 1.536420E+05
NGC 5408 1915 0653380501 2.108319455779E+02 -4.138282255720E+01 1.512520E+05
NGC 5408 1915 0653380401 2.108318734588E+02 -4.138284379879E+01 1.523320E+05
NGC 5408 1915 0653380301 2.108319049725E+02 -4.138287077797E+01 1.875470E+05
NGC 5408 1915 0653380201 2.108319006025E+02 -4.138291061126E+01 1.566520E+05
NGC 5408 1915 0112290601 2.108319373962E+02 -4.138279841284E+01 1.112070E+04
NGC 5408 1915 0112290501 2.108319935827E+02 -4.138290131405E+01 1.026160E+04
NGC 6946 2231 0500730201 3.087532663097E+02 6.019174158377E+01 1.321690E+04
NGC 6946 2231 0401360101 3.087530439526E+02 6.019208383008E+01 1.058440E+04
