READ SERR 1 2
@wdata.pco
!
2.00378 0.0024899244 -0.17359339 1
2.008755 0.0024850368 -0.038442362 1
2.013725 0.0024850368 -0.5564946 1
2.0187001 0.0024899244 0.90441304 1
2.023675 0.0024850368 2.1268425 1
2.02865 0.0024900436 1.3228788 1
2.0336251 0.0024849176 0.48309618 1
2.0386 0.0024900436 -2.6306014 1
2.04358 0.0024899244 -0.15991546 1
2.048555 0.0024850368 -1.8671387 1
2.05353 0.0024900436 -1.6552653 1
2.05851 0.0024900436 0.7806403 1
2.06349 0.0024899244 0.54178226 1
2.06847 0.0024900436 -0.26395398 1
2.07345 0.0024899244 1.1064664 1
2.07843 0.0024900436 0.20790498 1
2.0834098 0.0024899244 0.36227864 1
2.0883899 0.0024900436 0.052248 1
2.09337 0.0024900436 0.85417444 1
2.09835 0.0024900436 0.4897909 1
2.1033301 0.0024900436 0.0022043106 1
2.1083102 0.0024899244 1.3333815 1
2.11329 0.0024900436 0.870923 1
2.1182752 0.0024949312 -0.4933892 1
2.12326 0.0024900436 0.54334164 1
2.12824 0.0024899244 0.056884885 1
2.13322 0.0024900436 0.15863086 1
2.138205 0.0024949312 0.65928 1
2.14319 0.0024900436 -0.14182626 1
2.1481748 0.0024949312 -0.45323062 1
2.1531599 0.0024900436 -0.7275067 1
2.158145 0.0024950504 -0.95507175 1
2.16313 0.0024900436 0.477351 1
2.1681151 0.0024950504 1.0502449 1
2.1731 0.0024899244 -1.5128933 1
2.178085 0.0024950504 -0.7704339 1
2.183075 0.0024949312 -0.75073487 1
2.18806 0.0024900436 0.9568222 1
2.1930451 0.0024949312 -0.37568426 1
2.198035 0.0024950504 0.6101476 1
2.2030249 0.0024949312 2.075587 1
2.20801 0.0024900436 1.0426695 1
2.212995 0.0024950504 1.4963813 1
2.2179852 0.0024949312 0.016977545 1
2.222975 0.0024950504 1.2307736 1
2.2279649 0.0024949312 0.6363 1
2.232955 0.0024950504 -1.4347999 1
2.237945 0.0024949312 -0.3412981 1
2.242935 0.0024950504 -0.3216123 1
2.2479248 0.0024949312 1.2826437 1
2.252915 0.0024950504 -0.85527587 1
2.257905 0.0024949312 3.1300778 1
2.2628949 0.0024950504 0.6462563 1
2.2678847 0.0024949312 -1.5103555 1
2.2728748 0.0024951696 0.9772153 1
2.2778652 0.0024950504 0.17104834 1
2.282855 0.0024949312 0.73081994 1
2.2878451 0.0024950504 -0.57865167 1
2.2928352 0.0024949312 0.42859292 1
2.297825 0.0024950504 -0.66896397 1
2.3028202 0.002499938 1.1690489 1
2.307815 0.0024950504 0.45279744 1
2.3128052 0.0024949312 -0.26205277 1
2.317795 0.0024950504 0.6597998 1
2.3227901 0.002499938 1.1256316 1
2.327785 0.0024950504 -0.7809939 1
2.332775 0.0024949312 -1.5317484 1
2.33777 0.0025000572 1.8234491 1
2.3427649 0.0024949312 1.0968304 1
2.347755 0.0024950504 -1.9368232 1
2.3527498 0.002499938 0.3670218 1
2.357745 0.0024950504 0.235964 1
2.362735 0.0024950504 1.5364417 1
2.3677301 0.002499938 -0.28711697 1
2.372725 0.0024950504 0.32225665 1
2.3777199 0.002499938 0.02720568 1
2.382715 0.0024950504 -0.6494378 1
2.38771 0.002499938 -1.2070462 1
2.392705 0.0024950504 0.5833691 1
2.397695 0.0024949312 0.08675081 1
2.40269 0.0025000572 -1.5082356 1
2.4076848 0.0024949312 -0.109801084 1
2.41268 0.0025000572 0.3084131 1
2.417675 0.0024949312 -1.6476814 1
2.42267 0.0025000572 -0.417473 1
2.42767 0.002499938 0.79791206 1
2.4326649 0.0024950504 0.55862015 1
2.4376597 0.002499938 1.0161688 1
2.4426548 0.0024950504 -0.58033943 1
2.44765 0.0025000572 -0.6633024 1
2.4526448 0.0024949312 0.9874576 1
2.45764 0.0025000572 0.11450121 1
2.4626398 0.002499938 1.0808316 1
2.467635 0.0024950504 0.6056315 1
2.47263 0.002499938 -0.39174712 1
2.47763 0.0025000572 0.68233985 1
2.482625 0.0024950504 0.7284642 1
2.48762 0.0025000572 0.20376447 1
2.49262 0.002499938 0.4930332 1
2.497615 0.0024950504 -1.7720342 1
2.5026102 0.002499938 -1.4520754 1
2.50761 0.0025000572 -0.36633456 1
2.5126052 0.0024949312 1.0728853 1
2.5176 0.0025000572 -1.4705014 1
2.5226002 0.002499938 -2.7379258 1
2.5276 0.0025000572 0.82092166 1
2.5325952 0.0024949312 1.1879722 1
2.53759 0.0025000572 1.884157 1
2.5425901 0.0025000572 1.3036261 1
2.5475903 0.002499938 -0.21927348 1
2.5525851 0.0024950504 0.52945477 1
2.55758 0.002499938 0.9457282 1
2.56258 0.0025000572 1.4432031 1
2.5675802 0.002499938 -1.0778913 1
2.572575 0.0024950504 -0.14614922 1
2.57757 0.002499938 1.8741877 1
2.58257 0.0025000572 0.342913 1
2.5875702 0.002499938 -0.17275521 1
2.59257 0.0025000572 -0.2368486 1
2.59757 0.002499938 1.5880693 1
2.602565 0.0024950504 -0.018950451 1
2.6075602 0.002499938 -0.048832178 1
2.61256 0.0025000572 -0.5945863 1
2.61756 0.002499938 -1.5669636 1
2.62256 0.0025000572 0.50872946 1
2.627555 0.0024949312 -1.0406147 1
2.63255 0.0025000572 1.1464832 1
2.6375499 0.002499938 1.2700889 1
2.64255 0.0025000572 -1.2078011 1
2.64755 0.0025000572 1.3822721 1
2.6525502 0.002499938 -0.3941143 1
2.65755 0.0025000572 0.56647027 1
2.6625452 0.0024949312 -1.0115591 1
2.66754 0.0025000572 -0.24657114 1
2.6725402 0.002499938 -1.4376527 1
2.67754 0.0025000572 0.0788439 1
2.68254 0.002499938 -0.51057166 1
2.68754 0.0025000572 0.6188643 1
2.6925402 0.002499938 1.7380371 1
2.69754 0.0025000572 0.63951117 1
2.70254 0.002499938 -1.2027557 1
2.707535 0.0024950504 0.8571416 1
2.7125301 0.002499938 0.16998094 1
2.71753 0.0025000572 0.7431024 1
2.72253 0.002499938 0.36087772 1
2.72753 0.0025000572 1.1585331 1
2.73253 0.002499938 -0.7397589 1
2.73753 0.0025000572 -0.24387191 1
2.7425299 0.002499938 -0.40220326 1
2.74753 0.0025000572 0.73408365 1
2.75253 0.002499938 1.3476138 1
2.757525 0.0024950504 0.6535951 1
2.76252 0.0025000572 -1.1271739 1
2.76752 0.002499938 1.0617691 1
2.77252 0.0025000572 -1.0087807 1
2.7775202 0.002499938 -0.27695036 1
2.78252 0.0025000572 0.69840443 1
2.78752 0.002499938 1.3400244 1
2.79252 0.0025000572 -0.21633825 1
2.7975202 0.002499938 -2.0672035 1
2.80252 0.0025000572 -0.28390104 1
2.80752 0.002499938 0.5838861 1
2.81252 0.0025000572 -0.5196431 1
2.8175201 0.002499938 -0.8393111 1
2.82252 0.0025000572 0.32640725 1
2.82752 0.002499938 -0.051806115 1
2.83252 0.0025000572 -0.037618104 1
2.8375149 0.0024949312 0.9247694 1
2.84251 0.0025000572 0.3896472 1
2.8475099 0.002499938 -0.64354974 1
2.85251 0.0025000572 -0.1737771 1
2.85751 0.002499938 -0.32208854 1
2.86251 0.0025000572 0.37539455 1
2.8675098 0.002499938 -0.65078557 1
2.87251 0.0025000572 0.4132189 1
2.87751 0.0025000572 -0.8326364 1
2.8825102 0.002499938 0.5177698 1
2.88751 0.0025000572 -1.3184915 1
2.89251 0.002499938 -0.18722215 1
2.89751 0.0025000572 0.79477483 1
2.9025102 0.002499938 0.9023311 1
2.90751 0.0025000572 -0.620062 1
2.91251 0.002499938 0.2554497 1
2.91751 0.0025000572 -0.95715934 1
2.9225101 0.002499938 -0.50949675 1
2.92751 0.0025000572 1.5112509 1
2.93251 0.002499938 0.061145157 1
2.93751 0.0025000572 -1.5002909 1
2.9425101 0.002499938 0.5308285 1
2.94751 0.0025000572 -0.37043515 1
2.9525099 0.002499938 0.77453226 1
2.95751 0.0025000572 1.2820549 1
2.96251 0.002499938 -0.78664726 1
2.96751 0.0025000572 -0.43892708 1
2.9725099 0.002499938 1.9570829 1
2.97751 0.0025000572 0.50021774 1
2.98251 0.002499938 0.63545775 1
2.98751 0.0025000572 -0.3563888 1
2.9925098 0.002499938 -0.03702511 1
2.99751 0.0025000572 -1.6149057 1
3.00251 0.0025000572 -0.018783087 1
3.0075102 0.002499938 1.1879942 1
3.012505 0.0024950504 -0.4117778 1
3.0175 0.002499938 0.541562 1
3.0225 0.0025000572 -0.9548708 1
3.0275002 0.002499938 -0.44914895 1
3.0325 0.0025000572 0.42401198 1
3.0375 0.002499938 1.2014668 1
3.0425 0.0025000572 0.05653623 1
3.0475001 0.002499938 0.3159655 1
3.0525 0.0025000572 1.1250678 1
3.0575 0.002499938 -0.25551066 1
3.0625 0.0025000572 -0.089347064 1
3.0675 0.002499938 -0.07151577 1
3.0725 0.0025000572 -0.82788694 1
3.0774999 0.002499938 -1.5864596 1
3.0825 0.0025000572 1.0265714 1
3.0875 0.002499938 -1.7077682 1
3.0925 0.0025000572 3.3571718 1
3.0974998 0.002499938 0.11616523 1
3.1025 0.0025000572 0.25763723 1
3.1075 0.002499938 -0.7803581 1
3.1125 0.0025000572 -0.56653637 1
3.1174998 0.002499938 0.022274733 1
3.1225 0.0025000572 0.043043785 1
3.1275 0.0025000572 -1.3081264 1
3.1325002 0.002499938 0.08516372 1
3.1375 0.0025000572 1.1402217 1
3.1425 0.002499938 0.0682762 1
3.1475 0.0025000572 -1.3377858 1
3.1525002 0.002499938 -0.9643317 1
3.1575 0.0025000572 -1.7259887 1
3.1625 0.002499938 -0.66018075 1
3.1675 0.0025000572 -0.4982035 1
3.1725001 0.002499938 0.27119672 1
3.1775 0.0025000572 0.03400573 1
3.1825 0.002499938 -0.8174545 1
3.1875 0.0025000572 -1.1134386 1
3.1925 0.002499938 0.71649337 1
3.1975 0.0025000572 -2.2168655 1
3.2024999 0.002499938 -0.089535624 1
3.2075 0.0025000572 -0.54477507 1
3.2125 0.002499938 2.2088814 1
3.2175 0.0025000572 0.20359786 1
3.2224998 0.002499938 -0.67702955 1
3.2275 0.0025000572 1.6704218 1
3.2325 0.002499938 1.0781907 1
3.2375 0.0025000572 0.2880161 1
3.2424998 0.002499938 -0.6307304 1
3.2475 0.0025000572 0.5535434 1
3.2525 0.0025000572 -0.4427574 1
3.2575002 0.002499938 -0.0039744605 1
3.2625 0.0025000572 0.29449537 1
3.2675 0.002499938 0.5413459 1
3.2725 0.0025000572 0.13297644 1
3.2775002 0.002499938 1.8594474 1
3.2825 0.0025000572 0.7529975 1
3.2875 0.002499938 -1.2548572 1
3.2925 0.0025000572 2.126444 1
3.2975001 0.002499938 -1.0635128 1
3.3025 0.0025000572 0.9264571 1
3.3075 0.002499938 -0.21550457 1
3.3125 0.0025000572 0.0727375 1
3.3175 0.002499938 -1.217186 1
3.3225 0.0025000572 1.5358702 1
3.3274999 0.002499938 -0.3697443 1
3.3325 0.0025000572 0.36543506 1
3.3375 0.002499938 1.421649 1
3.3425 0.0025000572 -0.30918077 1
3.3474998 0.002499938 -0.80540335 1
3.3525 0.0025000572 -0.8420115 1
3.3575 0.002499938 -1.0410602 1
3.3625 0.0025000572 1.7077999 1
3.3674998 0.002499938 -0.66293645 1
3.3725 0.0025000572 -2.7615163 1
3.3775 0.0025000572 0.7193415 1
3.3825002 0.002499938 0.7360927 1
3.3875 0.0025000572 0.2744854 1
3.3925 0.002499938 -0.1345313 1
3.3975 0.0025000572 0.71867025 1
3.4025002 0.002499938 0.72610235 1
3.4075 0.0025000572 0.43749228 1
3.4125 0.002499938 1.1923743 1
3.4175 0.0025000572 0.32057196 1
3.4225001 0.002499938 -1.4132255 1
3.4275 0.0025000572 -0.23349571 1
3.4325 0.002499938 0.40450358 1
3.4375 0.0025000572 -2.4100442 1
3.4425 0.002499938 -0.16713841 1
3.4475 0.0025000572 0.38725173 1
3.4524999 0.002499938 0.11244739 1
3.4575 0.0025000572 -2.4096537 1
3.4625 0.002499938 -0.6869636 1
3.4675 0.0025000572 -2.1617312 1
3.4724998 0.002499938 -2.002395 1
3.4775 0.0025000572 -0.93330276 1
3.4825 0.002499938 0.5968548 1
3.4875 0.0025000572 -0.14405002 1
3.4924998 0.002499938 -1.513063 1
3.4975 0.0025000572 0.29924592 1
3.5025 0.0025000572 0.76740605 1
3.5075002 0.002499938 0.36092162 1
3.5125 0.0025000572 0.0382683 1
3.5175 0.002499938 -2.9716206 1
3.5225 0.0025000572 -0.93422616 1
3.5275002 0.002499938 1.2956561 1
3.5325 0.0025000572 0.6678776 1
3.5375 0.002499938 -2.0939705 1
3.5425 0.0025000572 -0.24495353 1
3.5475001 0.002499938 -0.5452276 1
3.5525 0.0025000572 1.4208953 1
3.5575 0.002499938 -0.2006845 1
3.5625 0.0025000572 0.08171765 1
3.5675 0.002499938 -1.2568489 1
3.5725 0.0025000572 2.9367054 1
3.5774999 0.002499938 -0.22728954 1
3.5825 0.0025000572 0.96755004 1
3.5875 0.002499938 -2.3125956 1
3.5925 0.0025000572 1.3242898 1
3.5974998 0.002499938 -0.189921 1
3.6025 0.0025000572 1.1236538 1
3.6075 0.002499938 -0.025164315 1
3.6125 0.0025000572 -1.8149848 1
3.6174998 0.002499938 0.88969517 1
3.6225 0.0025000572 0.56769514 1
3.6275 0.0025000572 -0.9970318 1
3.6325002 0.002499938 1.5169004 1
3.6375 0.0025000572 1.3872826 1
3.6425 0.002499938 1.1458553 1
3.6475 0.0025000572 -0.63799447 1
3.6525002 0.002499938 1.2926552 1
3.6575 0.0025000572 1.1394083 1
3.6625 0.002499938 0.003431477 1
3.6675 0.0025000572 0.8932758 1
3.6725001 0.002499938 0.3452534 1
3.6775 0.0025000572 0.3090083 1
3.6825 0.002499938 -0.92906666 1
3.6875 0.0025000572 -1.5101544 1
3.6925 0.002499938 0.7411277 1
3.6975 0.0025000572 0.40144607 1
3.7024999 0.002499938 0.7512606 1
3.7075 0.0025000572 -1.9042442 1
3.7125 0.002499938 0.6628914 1
3.7175 0.0025000572 -0.43834612 1
3.7224998 0.002499938 1.9283483 1
3.7275 0.0025000572 1.6036767 1
3.7325 0.002499938 -1.2721723 1
3.7375 0.0025000572 0.57991445 1
3.7424998 0.002499938 -1.2239132 1
3.7475 0.0025000572 0.95654094 1
3.7525 0.0025000572 1.2839152 1
3.7575002 0.002499938 1.2703278 1
3.7625 0.0025000572 -1.4349487 1
3.7675 0.002499938 0.60625875 1
3.7725 0.0025000572 -0.31345314 1
3.7775002 0.002499938 -0.018636346 1
3.7825 0.0025000572 -0.8117147 1
3.7875 0.002499938 -0.6626081 1
3.7925 0.0025000572 -0.6442042 1
3.7975001 0.002499938 -1.178679 1
3.8025 0.0025000572 -0.6519053 1
3.8075 0.002499938 1.3123609 1
3.8125 0.0025000572 -1.3117185 1
3.8175 0.002499938 -0.95098835 1
3.8225 0.0025000572 -0.7974877 1
3.8274999 0.002499938 -1.4967692 1
3.8325 0.0025000572 0.39272553 1
3.8375 0.002499938 -1.1169101 1
3.8425 0.0025000572 0.5319949 1
3.8474998 0.002499938 0.9488457 1
3.8525 0.0025000572 1.2115672 1
3.8575 0.002499938 0.4168158 1
3.8625 0.0025000572 1.2245009 1
3.8674998 0.002499938 0.15002742 1
3.8725 0.0025000572 0.4583327 1
3.8775 0.0025000572 -0.52936167 1
3.8825002 0.002499938 1.1189933 1
3.8875 0.0025000572 0.7357699 1
3.8925 0.002499938 -0.99672663 1
3.8975 0.0025000572 0.7900418 1
3.9025002 0.002499938 1.0413541 1
3.9075 0.0025000572 1.9394304 1
3.9125 0.002499938 1.0844784 1
3.9175 0.0025000572 1.2464622 1
3.9225001 0.002499938 2.4141812 1
3.9275 0.0025000572 0.66818833 1
3.9325 0.002499938 0.53014755 1
3.9375 0.0025000572 -0.9394083 1
3.9425 0.002499938 -0.9203876 1
3.9475 0.0025000572 0.07432826 1
3.9524999 0.002499938 0.4191239 1
3.9575 0.0025000572 0.25318825 1
3.9625 0.002499938 -0.90350604 1
3.9675 0.0025000572 0.8497331 1
3.9724998 0.002499938 0.7557187 1
3.9775 0.0025000572 -0.8952002 1
3.9825 0.002499938 -0.1589992 1
3.9875 0.0025000572 2.43863 1
3.9924998 0.002499938 -0.6950616 1
3.9975 0.0025000572 1.426772 1
4.0025 0.0025000572 0.29455176 1
4.0075 0.0025000572 0.03079959 1
4.0125 0.0024998188 -0.6494994 1
4.0175 0.0025000572 0.32048956 1
4.0225 0.0025000572 -0.10427389 1
4.0275 0.0025000572 -1.6336517 1
4.0325003 0.0024998188 -0.9829896 1
4.0375 0.0025000572 -0.16619706 1
4.0425 0.0025000572 -2.0506945 1
4.0475 0.0025000572 0.18582039 1
4.0525 0.0024998188 0.18021226 1
4.0575 0.0025000572 -0.06773089 1
4.0625 0.0025000572 0.5158293 1
4.0675 0.0025000572 -1.3683559 1
4.0725 0.0024998188 -1.1399195 1
4.0775 0.0025000572 -0.43616566 1
4.0825 0.0025000572 -0.38465703 1
4.0875 0.0025000572 0.040409975 1
4.0924997 0.0024998188 -0.5805921 1
4.0975 0.0025000572 0.5769789 1
4.1025 0.0025000572 0.8506144 1
4.1075 0.0025000572 0.72469234 1
4.1125 0.0024998188 0.8631078 1
4.1175 0.0025000572 -0.54596543 1
4.1225 0.0025000572 -0.1728843 1
4.1275 0.0025000572 -3.4544775 1
4.1325 0.0025000572 -2.1355736 1
4.1375 0.0024998188 -1.0585289 1
4.1425 0.0025000572 0.614866 1
4.1475 0.0025000572 -0.14830558 1
4.1525 0.0025000572 -0.010260082 1
4.1575003 0.0024998188 0.6244224 1
4.1625 0.0025000572 2.991167 1
4.1675 0.0025000572 -2.299685 1
4.1725 0.0025000572 -1.0651556 1
4.1775 0.0024998188 -0.99806124 1
4.1825 0.0025000572 0.9326149 1
4.1875 0.0025000572 0.09228601 1
4.1925 0.0025000572 -1.0129658 1
4.1975 0.0024998188 -0.11423873 1
4.2025 0.0025000572 0.07758347 1
4.2075 0.0025000572 -0.41994983 1
4.2125 0.0025000572 0.680835 1
4.2174997 0.0024998188 0.41945344 1
4.2225 0.0025000572 -0.26400402 1
4.2275 0.0025000572 1.0027761 1
4.2325 0.0025000572 0.20449777 1
4.2375 0.0024998188 1.7033414 1
4.2425 0.0025000572 0.9188582 1
4.2475 0.0025000572 -0.37411556 1
4.2525 0.0025000572 1.3201973 1
4.2575 0.0025000572 -0.92165476 1
4.2625 0.0024998188 -0.5455363 1
4.2675 0.0025000572 0.7378264 1
4.2725 0.0025000572 0.7642753 1
4.2775 0.0025000572 0.32943448 1
4.2825003 0.0024998188 1.3101728 1
4.2875 0.0025000572 1.4773415 1
4.2925 0.0025000572 1.3210552 1
4.2975 0.0025000572 -0.13239677 1
4.3025 0.0024998188 0.46960238 1
4.3075 0.0025000572 -1.2011993 1
4.3125 0.0025000572 0.35005185 1
4.3175 0.0025000572 1.299377 1
4.3225 0.0024998188 -0.076532625 1
4.3275 0.0025000572 0.22336571 1
4.3325 0.0025000572 -0.04009892 1
4.3375 0.0025000572 -1.0067971 1
4.3424997 0.0024998188 0.06000857 1
4.3475 0.0025000572 0.54919416 1
4.3525 0.0025000572 -0.9236968 1
4.3575 0.0025000572 -0.20935759 1
4.3625 0.0024998188 0.31438056 1
4.3675 0.0025000572 -0.95053995 1
4.3725 0.0025000572 -1.5593435 1
4.3775 0.0025000572 -0.997171 1
4.3825 0.0025000572 0.6043925 1
4.3875 0.0024998188 -1.9741464 1
4.3925 0.0025000572 -0.5039545 1
4.3975 0.0025000572 0.03508172 1
4.4025 0.0025000572 -0.9142825 1
4.4075003 0.0024998188 -2.706678 1
4.4125 0.0025000572 2.2061348 1
4.4175 0.0025000572 0.8156272 1
4.4225 0.0025000572 -0.12493691 1
4.4275 0.0024998188 0.9505171 1
4.4325 0.0025000572 -0.34365642 1
4.4375 0.0025000572 0.18095678 1
4.4425 0.0025000572 0.83442086 1
4.4475 0.0024998188 0.6712405 1
4.4525 0.0025000572 1.6958853 1
4.4575 0.0025000572 -1.0478014 1
4.4625 0.0025000572 1.0916607 1
4.4674997 0.0024998188 1.3084257 1
4.4725 0.0025000572 0.735618 1
4.4775 0.0025000572 -0.6320801 1
4.4825 0.0025000572 1.2549695 1
4.4875 0.0024998188 1.2717311 1
4.4925 0.0025000572 0.898562 1
4.4975 0.0025000572 -0.25275615 1
4.5025 0.0025000572 0.58210063 1
4.5075 0.0025000572 1.8295932 1
4.5125 0.0024998188 -0.4079915 1
4.5175 0.0025000572 1.4553297 1
4.5225 0.0025000572 -0.38121206 1
4.5275 0.0025000572 0.28182438 1
4.5325003 0.0024998188 -1.4059907 1
4.5375 0.0025000572 -0.14744748 1
4.5425 0.0025000572 -0.6978572 1
4.5475 0.0025000572 -0.043102574 1
4.5525 0.0024998188 1.943679 1
4.5575 0.0025000572 -1.9119548 1
4.5625 0.0025000572 0.38480774 1
4.5675 0.0025000572 1.3090771 1
4.5725 0.0024998188 -0.12308315 1
4.5775 0.0025000572 -0.3160427 1
4.5825 0.0025000572 0.87920576 1
4.5875 0.0025000572 0.57253987 1
4.5924997 0.0024998188 -1.0086378 1
4.5975 0.0025000572 0.27841234 1
4.6025 0.0025000572 -1.4162927 1
4.6075 0.0025000572 0.8751927 1
4.6125 0.0024998188 1.3068106 1
4.6175 0.0025000572 0.9186718 1
4.6225 0.0025000572 0.29614586 1
4.6275 0.0025000572 -0.36274186 1
4.6325 0.0025000572 -1.2649254 1
4.6375 0.0024998188 -0.59696984 1
4.6425 0.0025000572 -0.590942 1
4.6475 0.0025000572 1.0952396 1
4.6525 0.0025000572 2.3674855 1
4.6575003 0.0024998188 0.002146768 1
4.6625 0.0025000572 0.16519293 1
4.6675 0.0025000572 0.36918992 1
4.6725 0.0025000572 0.30646032 1
4.6775 0.0024998188 1.6509489 1
4.6825 0.0025000572 -0.70968866 1
4.6875 0.0025000572 -0.7654317 1
4.6925 0.0025000572 -0.69731885 1
4.6975 0.0024998188 0.8674408 1
4.7025 0.0025000572 -0.107196465 1
4.7075 0.0025000572 0.17058915 1
4.7125 0.0025000572 -0.46942276 1
4.7174997 0.0024998188 -1.0796225 1
4.7225 0.0025000572 -0.8686838 1
4.7275 0.0025000572 -0.81173766 1
4.7325 0.0025000572 -1.5046839 1
4.7375 0.0024998188 -0.6148877 1
4.7425 0.0025000572 1.1543647 1
4.7475 0.0025000572 -0.06353302 1
4.7525 0.0025000572 -1.0962971 1
4.7575 0.0025000572 -0.6010928 1
4.7625 0.0024998188 1.208883 1
4.7675 0.0025000572 -0.5880598 1
4.7725 0.0025000572 -1.2032038 1
4.7775 0.0025000572 0.18062079 1
4.7825003 0.0024998188 -0.0083553465 1
4.7875 0.0025000572 0.145818 1
4.7925 0.0025000572 0.12835827 1
4.7975 0.0025000572 1.6664836 1
4.8025 0.0024998188 -0.043631732 1
4.8075 0.0025000572 0.7755608 1
4.8125 0.0025000572 -1.1370535 1
4.8175 0.0025000572 -0.9852899 1
4.8225 0.0024998188 1.0075686 1
4.8275 0.0025000572 -1.2953268 1
4.8325 0.0025000572 0.48010036 1
4.8375 0.0025000572 -0.30090144 1
4.8424997 0.0024998188 0.08590927 1
4.8475 0.0025000572 1.3100855 1
4.8525 0.0025000572 0.8351125 1
4.8575 0.0025000572 -0.871388 1
4.8625 0.0024998188 0.4205118 1
4.8675 0.0025000572 0.14380643 1
4.8725 0.0025000572 1.016308 1
4.8775 0.0025000572 -0.4157462 1
4.8825 0.0025000572 -2.2125347 1
4.8875 0.0024998188 0.27150962 1
4.8925 0.0025000572 -0.06777723 1
4.8975 0.0025000572 0.10113834 1
4.9025 0.0025000572 1.4725049 1
4.9075003 0.0024998188 0.60773146 1
4.9125 0.0025000572 -0.5782754 1
4.9175 0.0025000572 -1.6491959 1
4.9225 0.0025000572 -0.97113425 1
4.9275 0.0024998188 0.45863837 1
4.9325 0.0025000572 1.6386406 1
4.9375 0.0025000572 -0.7451741 1
4.9425 0.0025000572 -0.37325916 1
4.9475 0.0024998188 0.18422593 1
4.9525 0.0025000572 -0.5394355 1
4.9575 0.0025000572 -0.40331677 1
4.9625 0.0025000572 -0.53858227 1
4.9674997 0.0024998188 -1.1496913 1
4.9725 0.0025000572 0.5592583 1
4.9775 0.0025000572 -0.15404522 1
4.9825 0.0025000572 0.5257751 1
4.9875 0.0024998188 -0.91990036 1
4.9925 0.0025000572 -1.5936338 1
4.9975 0.0025000572 -0.687041 1
5.0025 0.0025000572 1.3064978 1
5.0075 0.0025000572 1.0335553 1
5.0125 0.0024998188 0.13320738 1
5.0175 0.0025000572 -0.09834453 1
5.0225 0.0025000572 1.320592 1
5.0275 0.0025000572 -1.1117101 1
5.0325003 0.0024998188 -0.6219451 1
5.0375 0.0025000572 0.3042693 1
5.0425 0.0025000572 0.9401986 1
5.0475 0.0025000572 0.93555903 1
5.0525 0.0024998188 -0.8208429 1
5.0575 0.0025000572 2.2183194 1
5.0625 0.0025000572 -1.452356 1
5.0675 0.0025000572 0.6397536 1
5.0725 0.0024998188 0.48464116 1
5.0775 0.0025000572 -0.16934708 1
5.0825 0.0025000572 0.032530442 1
5.0875 0.0025000572 -0.009116392 1
5.0924997 0.0024998188 1.1669203 1
5.0975 0.0025000572 -0.59927243 1
5.1025 0.0025000572 -0.55302066 1
5.1075 0.0025000572 -0.7215113 1
5.1125 0.0024998188 -2.1324074 1
5.1175 0.0025000572 0.54786706 1
5.1225 0.0025000572 0.739115 1
5.1275 0.0025000572 1.0318928 1
5.1325 0.0025000572 -0.45469478 1
5.1375 0.0024998188 0.45875072 1
5.1425 0.0025000572 1.8017265 1
5.1475 0.0025000572 0.092574395 1
5.1525 0.0025000572 0.5982828 1
5.1575003 0.0024998188 0.6055851 1
5.165 0.0050001144 -0.8796271 1
5.1725 0.0025000572 -0.40330207 1
5.1775 0.0024998188 -0.004313131 1
5.1825 0.0025000572 -0.18209867 1
5.1875 0.0025000572 1.2853805 1
5.1925 0.0025000572 -0.7904415 1
5.1975 0.0024998188 -0.9569029 1
5.2025 0.0025000572 -0.15059313 1
5.2075 0.0025000572 0.8608778 1
5.2125 0.0025000572 0.20394208 1
5.2174997 0.0024998188 -1.9538172 1
5.2225 0.0025000572 0.37978607 1
5.2275 0.0025000572 -0.31634653 1
5.2325 0.0025000572 -0.71267456 1
5.2375 0.0024998188 0.43694633 1
5.245 0.0050001144 -2.128096 1
5.2525 0.0025000572 1.3590729 1
5.2575 0.0025000572 -0.29906863 1
5.2625 0.0024998188 0.612657 1
5.2675 0.0025000572 -0.64871395 1
5.2725 0.0025000572 -1.6079804 1
5.2775 0.0025000572 0.2546057 1
5.2825003 0.0024998188 -0.51638275 1
5.2875 0.0025000572 1.2296925 1
5.2925 0.0025000572 0.10635654 1
5.2975 0.0025000572 0.35099462 1
5.3025 0.0024998188 0.1050477 1
5.3075 0.0025000572 -1.5753939 1
5.3125 0.0025000572 0.6561654 1
5.3175 0.0025000572 0.14590473 1
5.3225 0.0024998188 -1.0414705 1
5.3275 0.0025000572 1.9937396 1
5.3325 0.0025000572 -0.249544 1
5.3375 0.0025000572 -0.98311317 1
5.3424997 0.0024998188 -1.2634456 1
5.3475 0.0025000572 0.86290395 1
5.3525 0.0025000572 -0.6030134 1
5.3575 0.0025000572 -0.5577993 1
5.3625 0.0024998188 0.5502897 1
5.3675 0.0025000572 -0.21373242 1
5.3725 0.0025000572 0.85086197 1
5.3775 0.0025000572 -0.12620649 1
5.3825 0.0025000572 -0.8227676 1
5.3875 0.0024998188 1.6081616 1
5.3925 0.0025000572 0.85829425 1
5.3975 0.0025000572 0.9219771 1
5.4025 0.0025000572 1.5033183 1
5.4075003 0.0024998188 -0.9175624 1
5.4125 0.0025000572 0.061184857 1
5.4175 0.0025000572 0.27313074 1
5.4225 0.0025000572 -0.70792294 1
5.4275 0.0024998188 -0.8786921 1
5.4325 0.0025000572 1.8104812 1
5.4375 0.0025000572 -1.3880816 1
5.4425 0.0025000572 1.3435252 1
5.4475 0.0024998188 -1.4029564 1
5.4525 0.0025000572 -1.3959261 1
5.46 0.0050001144 -1.7076719 1
5.4674997 0.0024998188 0.99810386 1
5.4725 0.0025000572 0.6934517 1
5.4775 0.0025000572 0.8270925 1
5.4825 0.0025000572 -0.6151129 1
5.4875 0.0024998188 1.732357 1
5.4925 0.0025000572 0.6693794 1
5.4975 0.0025000572 1.3262063 1
5.5025 0.0025000572 -1.6309378 1
5.5075 0.0025000572 -0.8240645 1
5.5125 0.0024998188 1.0044463 1
5.5175 0.0025000572 1.3266653 1
5.5225 0.0025000572 -0.39234757 1
5.5275 0.0025000572 0.19187279 1
5.535 0.004999876 -0.35056344 1
5.545 0.0050001144 -0.05525763 1
5.5525 0.0024998188 0.6839283 1
5.5575 0.0025000572 0.63242203 1
5.5625 0.0025000572 1.5598648 1
5.5675 0.0025000572 -0.70879406 1
5.5725 0.0024998188 0.4554164 1
5.5775 0.0025000572 -0.35442665 1
5.5825 0.0025000572 0.291304 1
5.5875 0.0025000572 -0.049486205 1
5.5924997 0.0024998188 0.80858123 1
5.5975 0.0025000572 -0.6355948 1
5.6025 0.0025000572 1.3160298 1
5.6075 0.0025000572 0.15587987 1
5.6125 0.0024998188 1.3172046 1
5.6175 0.0025000572 -0.045285225 1
5.6225 0.0025000572 0.6827113 1
5.6275 0.0025000572 0.17171083 1
5.6325 0.0025000572 1.0827048 1
5.6375 0.0024998188 -1.3119959 1
5.6425 0.0025000572 -1.0462046 1
5.6475 0.0025000572 -0.8351073 1
5.6525 0.0025000572 1.5161095 1
5.6575003 0.0024998188 -0.3724908 1
5.665 0.0050001144 -0.21419674 1
5.6725 0.0025000572 0.074273415 1
5.6775 0.0024998188 1.5359654 1
5.685 0.0050001144 0.19953616 1
5.6925 0.0025000572 -0.7225712 1
5.6975 0.0024998188 2.6959417 1
5.7025 0.0025000572 1.2926135 1
5.7075 0.0025000572 0.2846295 1
5.7125 0.0025000572 0.29140154 1
5.7174997 0.0024998188 0.33689207 1
5.7225 0.0025000572 -0.93474007 1
5.7275 0.0025000572 -0.6842663 1
5.7325 0.0025000572 0.6724719 1
5.7375 0.0024998188 -0.4930461 1
5.7425 0.0025000572 0.89059407 1
5.75 0.0050001144 -0.17499977 1
5.7575 0.0025000572 0.20463258 1
5.7650003 0.004999876 -2.2551897 1
5.7725 0.0025000572 -0.84587806 1
5.7775 0.0025000572 1.4972827 1
5.7825003 0.0024998188 -0.64675605 1
5.7875 0.0025000572 -0.59704995 1
5.7925 0.0025000572 -0.35938886 1
5.7975 0.0025000572 -0.17236349 1
5.8025 0.0024998188 0.5509452 1
5.8075 0.0025000572 0.45600674 1
5.8125 0.0025000572 0.06126049 1
5.8175 0.0025000572 1.2191641 1
5.8225 0.0024998188 -1.2703208 1
5.8275 0.0025000572 0.43153328 1
5.8325 0.0025000572 0.62912107 1
5.8375 0.0025000572 0.27429262 1
5.8424997 0.0024998188 0.46524233 1
5.8475 0.0025000572 -0.7459467 1
5.8525 0.0025000572 0.5051374 1
5.8575 0.0025000572 2.325725 1
5.8625 0.0024998188 -0.07753976 1
5.8675 0.0025000572 -0.0699859 1
5.8725 0.0025000572 0.32469693 1
5.8775 0.0025000572 -0.23223038 1
5.8825 0.0025000572 2.092412 1
5.8875 0.0024998188 0.69305646 1
5.895 0.0050001144 -0.65112877 1
5.9025 0.0025000572 0.16621266 1
5.9075003 0.0024998188 0.0044368776 1
5.9125 0.0025000572 -1.0891149 1
5.9175 0.0025000572 -0.39652333 1
5.9225 0.0025000572 0.027057907 1
5.9275 0.0024998188 0.4048888 1
5.9325 0.0025000572 -0.63800734 1
5.9375 0.0025000572 -0.42205432 1
5.9425 0.0025000572 0.2517412 1
5.9475 0.0024998188 0.6877411 1
5.9525 0.0025000572 1.5926105 1
5.9575 0.0025000572 -0.36325288 1
5.9625 0.0025000572 1.8930596 1
5.9674997 0.0024998188 0.2605073 1
5.9725 0.0025000572 1.029133 1
5.9775 0.0025000572 2.1731126 1
5.9825 0.0025000572 -0.08741045 1
5.99 0.004999876 -1.0518934 1
5.9975 0.0025000572 -0.079926215 1
6.0025 0.0025000572 1.2297349 1
6.0075 0.0025000572 0.16271736 1
6.0125 0.0024998188 0.34897816 1
6.0175 0.0025000572 -0.9054119 1
6.0225 0.0025000572 1.3506426 1
6.0275 0.0025000572 0.34223932 1
6.0325003 0.0024998188 -0.19758081 1
6.0375 0.0025000572 0.35549057 1
6.0425 0.0025000572 -0.031201985 1
6.0475 0.0025000572 0.7459828 1
6.0550003 0.004999876 -0.020031752 1
6.0625 0.0025000572 1.8903302 1
6.0699997 0.004999876 -0.752989 1
6.0775 0.0025000572 0.91731876 1
6.0825 0.0025000572 0.9106602 1
6.0875 0.0025000572 1.4634923 1
6.0924997 0.0024998188 0.9863615 1
6.0975 0.0025000572 -0.33814982 1
6.1025 0.0025000572 0.26180086 1
6.1075 0.0025000572 -0.7873462 1
6.1125 0.0024998188 1.1758876 1
6.1175 0.0025000572 0.30844212 1
6.1225 0.0025000572 0.6878201 1
6.1275 0.0025000572 0.28037634 1
6.1325 0.0025000572 -0.5150311 1
6.1375 0.0024998188 -0.06842875 1
6.1425 0.0025000572 -0.061630704 1
6.1475 0.0025000572 1.2298572 1
6.1525 0.0025000572 0.14327703 1
6.1575003 0.0024998188 -0.04094254 1
6.1625 0.0025000572 1.3827175 1
6.1675 0.0025000572 1.2417716 1
6.1725 0.0025000572 0.5428837 1
6.1775 0.0024998188 -0.6688497 1
6.185 0.0050001144 0.30634424 1
6.1925 0.0025000572 -0.6753246 1
6.1975 0.0024998188 0.71982896 1
6.2025 0.0025000572 1.312321 1
6.2075 0.0025000572 0.7736315 1
6.2125 0.0025000572 1.0738065 1
6.2200003 0.004999876 -0.38035285 1
6.2275 0.0025000572 1.3470865 1
6.2325 0.0025000572 0.6299856 1
6.24 0.004999876 0.23524241 1
6.25 0.0050001144 -0.67068833 1
6.2575 0.0025000572 0.028896298 1
6.2625 0.0024998188 0.49002987 1
6.2675 0.0025000572 0.69776845 1
6.2725 0.0025000572 2.105764 1
6.2775 0.0025000572 1.8753676 1
6.2825003 0.0024998188 1.7224114 1
6.2875 0.0025000572 1.0409328 1
6.2925 0.0025000572 1.699509 1
6.2975 0.0025000572 1.7062411 1
6.3025 0.0024998188 1.72505 1
6.3075 0.0025000572 1.0954345 1
6.3125 0.0025000572 1.089427 1
6.3175 0.0025000572 1.361421 1
6.3225 0.0024998188 0.6086558 1
6.3275 0.0025000572 0.7998926 1
6.3325 0.0025000572 2.5913608 1
6.3375 0.0025000572 1.630624 1
6.3424997 0.0024998188 2.8637903 1
6.3475 0.0025000572 0.82696694 1
6.3525 0.0025000572 0.41754705 1
6.3575 0.0025000572 2.1985226 1
6.3625 0.0024998188 0.2604389 1
6.3675 0.0025000572 1.3009279 1
6.3725 0.0025000572 2.5286703 1
6.3775 0.0025000572 2.522667 1
6.3825 0.0025000572 0.7916049 1
6.3875 0.0024998188 1.8524902 1
6.3925 0.0025000572 1.8338639 1
6.3975 0.0025000572 1.7142087 1
6.4025 0.0025000572 -0.33303702 1
6.4075003 0.0024998188 1.826755 1
6.4125 0.0025000572 2.699619 1
6.4175 0.0025000572 0.93041635 1
6.4225 0.0025000572 1.8685671 1
6.4275 0.0024998188 2.8297184 1
6.4325 0.0025000572 2.5592048 1
6.4375 0.0025000572 1.9107187 1
6.4425 0.0025000572 0.79613423 1
6.4475 0.0024998188 1.7121557 1
6.4525 0.0025000572 0.3419321 1
6.4575 0.0025000572 1.0785629 1
6.4625 0.0025000572 0.76925975 1
6.4674997 0.0024998188 1.131919 1
6.4725 0.0025000572 -0.03234905 1
6.4775 0.0025000572 0.23295158 1
6.4825 0.0025000572 -0.22489774 1
6.4875 0.0024998188 1.1735274 1
6.4925 0.0025000572 1.9805887 1
6.4975 0.0025000572 2.1190944 1
6.5025 0.0025000572 0.06170299 1
6.5075 0.0025000572 2.1206617 1
6.5150003 0.004999876 0.46924853 1
6.5225 0.0025000572 1.4191787 1
6.5275 0.0025000572 -0.13085899 1
6.535 0.004999876 -0.84099317 1
6.545 0.0050001144 -0.9710317 1
6.5550003 0.004999876 -1.0002131 1
6.565 0.0050001144 -0.74674165 1
6.5725 0.0024998188 0.81479824 1
6.5775 0.0025000572 1.1292735 1
6.5825 0.0025000572 1.1507953 1
6.5875 0.0025000572 0.6066696 1
6.5924997 0.0024998188 1.1937052 1
6.6 0.0050001144 -0.48930943 1
6.6075 0.0025000572 1.5509113 1
6.6125 0.0024998188 -0.005793674 1
6.62 0.0050001144 -1.5065438 1
6.6275 0.0025000572 0.26765898 1
6.6325 0.0025000572 0.9978904 1
6.6375 0.0024998188 1.20894 1
6.6425 0.0025000572 0.65371317 1
6.65 0.0050001144 -0.32855028 1
6.66 0.004999876 0.31474146 1
6.6675 0.0025000572 0.33389515 1
6.6725 0.0025000572 0.17285812 1
6.6775 0.0024998188 0.08985614 1
6.6825 0.0025000572 0.14415969 1
6.6875 0.0025000572 1.1500975 1
6.6949997 0.004999876 -0.98350585 1
6.7025 0.0025000572 0.16367458 1
6.7075 0.0025000572 0.4163203 1
6.715 0.004999876 -0.7199562 1
6.725 0.0050001144 -0.7038117 1
6.7325 0.0025000572 0.2178078 1
6.74 0.004999876 -1.0351365 1
6.75 0.0050001144 0.04998722 1
6.76 0.004999876 0.077236235 1
6.7675 0.0025000572 0.6524861 1
6.7725 0.0025000572 0.51865065 1
6.7799997 0.004999876 -0.9284535 1
6.79 0.0050001144 -1.5008866 1
6.7975 0.0025000572 0.94179195 1
6.8025 0.0024998188 1.311494 1
6.8075 0.0025000572 0.3120069 1
6.815 0.0050001144 -0.1125702 1
6.8225 0.0024998188 0.74952054 1
6.8275 0.0025000572 1.5218388 1
6.835 0.0050001144 1.4618665 1
6.8450003 0.004999876 0.31409696 1
6.8525 0.0025000572 0.69009274 1
6.8599997 0.004999876 -1.4922318 1
6.87 0.0050001144 0.07578307 1
6.88 0.0050001144 -0.089919545 1
6.8900003 0.004999876 -0.9949683 1
6.9 0.0050001144 1.71515 1
6.91 0.004999876 -0.36414546 1
6.9175 0.0025000572 1.6140232 1
6.9225 0.0025000572 1.1699368 1
6.9300003 0.004999876 0.055988822 1
6.94 0.0050001144 0.08011003 1
6.9475 0.0024998188 0.60848004 1
6.955 0.0050001144 0.57575303 1
6.965 0.004999876 -0.22769262 1
6.975 0.0050001144 0.6103025 1
6.9849997 0.004999876 1.2614202 1
6.995 0.0050001144 0.3403181 1
7.005 0.0050001144 -2.3380063 1
7.0150003 0.004999876 1.0313569 1
7.025 0.0050001144 0.06677983 1
7.0325003 0.0024998188 0.74090177 1
7.04 0.0050001144 0.7229866 1
7.05 0.004999876 -0.72884333 1
7.0575 0.0025000572 0.7486389 1
7.065 0.0050001144 -0.7535577 1
7.075 0.004999876 -0.3451694 1
7.085 0.0050001144 0.98377323 1
7.0950003 0.004999876 -0.90306294 1
7.105 0.0050001144 -1.2221955 1
7.115 0.004999876 -0.22091313 1
7.125 0.0050001144 0.18218121 1
7.135 0.004999876 -0.9125904 1
7.145 0.0050001144 -1.8488686 1
7.1549997 0.004999876 -0.53177744 1
7.1625 0.0025000572 1.6640584 1
7.17 0.0050001144 -0.6505318 1
7.1800003 0.004999876 -0.2617185 1
7.19 0.0050001144 -0.64650786 1
7.2 0.004999876 0.3355511 1
7.21 0.0050001144 0.31389174 1
7.2200003 0.004999876 0.44694144 1
7.23 0.0050001144 -0.9324604 1
7.24 0.004999876 0.742189 1
7.25 0.0050001144 -1.2886224 1
7.26 0.004999876 0.46978942 1
7.27 0.0050001144 -1.1980121 1
7.2775 0.0025000572 1.6860224 1
7.285 0.004999876 1.1760759 1
7.295 0.0050001144 -0.13999131 1
7.3050003 0.004999876 0.3251736 1
7.315 0.0050001144 -0.22093715 1
7.325 0.004999876 -1.8066283 1
7.335 0.0050001144 -0.97796565 1
7.3450003 0.004999876 -0.974665 1
7.3575 0.0074999332 -3.3614695 1
7.37 0.0050001144 -1.8791668 1
7.38 0.0050001144 -0.6396621 1
7.3900003 0.004999876 -0.4307324 1
7.4 0.0050001144 0.8471542 1
7.41 0.004999876 -0.43169907 1
7.42 0.0050001144 0.2476888 1
7.4300003 0.004999876 -1.237976 1
7.44 0.0050001144 -0.05374199 1
7.45 0.004999876 1.1144427 1
7.46 0.0050001144 -0.24326855 1
7.4700003 0.004999876 0.99907875 1
7.48 0.0050001144 -0.40007168 1
7.49 0.004999876 0.3805108 1
7.5 0.0050001144 0.36483473 1
7.5125 0.0074999332 -0.501063 1
7.525 0.0050001144 -1.2338783 1
7.535 0.004999876 0.2507372 1
7.545 0.0050001144 0.15276763 1
7.5550003 0.004999876 0.38859236 1
7.5675 0.0074999332 -2.0419993 1
7.58 0.0050001144 -0.7290526 1
7.59 0.004999876 -0.9660698 1
7.6 0.0050001144 -0.27940637 1
7.6099997 0.004999876 -1.2321124 1
7.62 0.0050001144 0.17314419 1
7.63 0.0050001144 0.56826085 1
7.6400003 0.004999876 -0.87337065 1
7.65 0.0050001144 1.1105231 1
7.66 0.004999876 -0.8203389 1
7.67 0.0050001144 -0.103185266 1
7.6800003 0.004999876 -0.26072335 1
7.69 0.0050001144 -0.054898024 1
7.7 0.004999876 0.5347932 1
7.71 0.0050001144 0.71028566 1
7.7200003 0.004999876 0.20268254 1
7.7325 0.0074999332 -0.5333584 1
7.745 0.0050001144 1.2502137 1
7.755 0.0050001144 0.25756174 1
7.7650003 0.004999876 -0.59495264 1
7.775 0.0050001144 0.7177465 1
7.785 0.004999876 -0.7191091 1
7.795 0.0050001144 0.5286598 1
7.8075 0.0074999332 -1.2448031 1
7.8225 0.0074999332 -1.2067136 1
7.835 0.0050001144 0.32343602 1
7.8450003 0.004999876 0.48573816 1
7.8575 0.0074999332 -1.0772005 1
7.87 0.0050001144 0.5571728 1
8.237499 0.0075001717 0.16186218 1
8.252501 0.0075001717 -0.33393106 1
8.265 0.0050001144 1.3605216 1
8.2775 0.007499695 -1.4309326 1
8.295 0.010000229 -1.9468979 1
8.309999 0.0049996376 0.5459043 1
8.32 0.0050001144 1.2504042 1
8.33 0.0050001144 0.68438435 1
8.342501 0.0075001717 -0.073658824 1
8.355 0.0049996376 1.1102779 1
8.3675 0.0075001717 1.0196236 1
8.3825 0.0075001717 -0.26532558 1
8.395 0.0049996376 1.3955936 1
8.407499 0.0075001717 -0.34534022 1
8.422501 0.0075001717 -0.84896344 1
8.4375 0.007499695 -0.7517591 1
8.452499 0.0075001717 -0.24585958 1
8.467501 0.0075001717 0.17961577 1
8.4825 0.007499695 0.4447462 1
8.497499 0.0075001717 0.059711292 1
8.51 0.0050001144 1.2352507 1
8.52 0.0049996376 1.3908826 1
8.5375 0.012500286 -3.9112804 1
8.5575 0.007499695 -0.0334237 1
8.5725 0.0075001717 0.32776272 1
8.5875 0.0075001717 -0.071992114 1
8.6025 0.007499695 -0.61791533 1
8.615 0.0050001144 0.9903627 1
8.625 0.0050001144 0.8850707 1
8.639999 0.009999752 -1.4709154 1
8.657499 0.0075001717 -0.31214073 1
8.672501 0.0075001717 0.17221628 1
8.690001 0.009999752 -0.38310507 1
8.7075 0.0075001717 -0.47548315 1
8.7225 0.007499695 0.3617213 1
8.735 0.0050001144 1.6142406 1
8.747499 0.0075001717 -0.24839044 1
8.762501 0.0075001717 0.5251615 1
8.7775 0.007499695 0.17239885 1
8.7925 0.0075001717 0.906945 1
8.809999 0.009999752 -1.6038108 1
8.83 0.010000229 0.032579936 1
8.8475 0.007499695 0.35244355 1
8.865 0.010000229 -0.061870888 1
8.8825 0.0075001717 1.090099 1
8.9 0.009999752 -1.2417427 1
8.92 0.010000229 -0.6632288 1
8.9375 0.007499695 0.5271028 1
8.955 0.010000229 -1.1522038 1
8.975 0.009999752 -0.95771116 1
8.997499 0.012500286 -1.809545 1
9.02 0.009999752 -0.44455755 1
9.0425 0.012500286 -1.1803738 1
9.0625 0.007499695 0.32799658 1
9.077499 0.0075001717 1.4790764 1
9.094999 0.009999752 0.18786421 1
9.115 0.010000229 -0.5992264 1
9.135 0.010000229 0.89799786 1
9.155001 0.009999752 -0.005886286 1
9.172501 0.0075001717 1.1475322 1
9.190001 0.009999752 -0.51163566 1
9.21 0.010000229 -0.36423594 1
9.23 0.009999752 -0.114649564 1
9.25 0.010000229 -0.3355533 1
9.2675 0.007499695 1.8224436 1
9.285 0.010000229 -0.4547654 1
9.3075 0.012499809 -1.6534201 1
9.33 0.010000229 0.113739915 1
9.3475 0.007499695 1.3007482 1
9.365 0.010000229 -0.25025368 1
9.3825 0.0075001717 1.3682517 1
9.4 0.009999752 1.5162003 1
9.42 0.010000229 0.6839591 1
9.4375 0.007499695 1.2197253 1
9.4575 0.012500286 -1.1451893 1
9.48 0.009999752 -0.0058816345 1
9.505 0.015000343 -1.0735383 1
9.535 0.0149998665 -1.0315118 1
9.5575 0.007499695 2.1517575 1
9.575 0.010000229 0.5048853 1
9.5975 0.012499809 -0.6330028 1
9.622499 0.012500286 -0.61772877 1
9.6475 0.012499809 -0.19452931 1
9.672501 0.012500286 -0.38125244 1
9.7025 0.017499924 -0.8230153 1
9.73 0.009999752 1.293092 1
9.752501 0.012500286 0.6133572 1
9.7775 0.012499809 0.15690751 1
9.805 0.0149998665 -0.37549788 1
9.8325 0.012500286 0.4195589 1
9.8575 0.012499809 0.92629033 1
9.8875 0.017499924 -0.53130865 1
9.9175 0.012500286 0.3117805 1
9.945 0.0149998665 -0.21451549 1
9.975 0.0149998665 -0.12830542 1
