READ SERR 1 2
@wdata.pco
!
2.00378 0.0024899244 0.20493989 0.022133224 0.20878206
2.008755 0.0024850368 0.20755795 0.022304371 0.20841539
2.013725 0.0024850368 0.1959969 0.02166059 0.20805089
2.0187001 0.0024899244 0.22882521 0.023369519 0.20768951
2.023675 0.0024850368 0.26033863 0.02493415 0.20730764
2.02865 0.0024900436 0.23846495 0.023844626 0.2069214
2.0336251 0.0024849176 0.2175626 0.022804761 0.20654571
2.0386 0.0024900436 0.1554363 0.019276973 0.20614634
2.04358 0.0024899244 0.20224409 0.022006903 0.20576333
2.048555 0.0024850368 0.16795869 0.020032458 0.20536207
2.05353 0.0024900436 0.1713952 0.020275582 0.20495667
2.05851 0.0024900436 0.22250608 0.023001492 0.20455018
2.06349 0.0024899244 0.21647824 0.022761203 0.20414664
2.06847 0.0024900436 0.19797504 0.021746812 0.2037152
2.07345 0.0024899244 0.22914866 0.0233684 0.2032923
2.07843 0.0024900436 0.20746404 0.022258349 0.20283641
2.0834098 0.0024899244 0.2104932 0.02238314 0.20238428
2.0883899 0.0024900436 0.20304297 0.02200288 0.20189336
2.09337 0.0024900436 0.22105066 0.023006609 0.20139901
2.09835 0.0024900436 0.2118851 0.02251092 0.20085946
2.1033301 0.0024900436 0.20034729 0.021875817 0.20029907
2.1083102 0.0024899244 0.23103584 0.023490181 0.19971448
2.11329 0.0024900436 0.21900184 0.022882836 0.19907266
2.1182752 0.0024949312 0.18795541 0.02118199 0.19840638
2.12326 0.0024900436 0.20983627 0.022384407 0.1976739
2.12824 0.0024899244 0.19814624 0.021747252 0.19690916
2.13322 0.0024900436 0.19953874 0.021878807 0.19606808
2.138205 0.0024949312 0.2099094 0.022338806 0.19518186
2.14319 0.0024900436 0.19118173 0.021353897 0.19421028
2.1481748 0.0024949312 0.1837044 0.020913811 0.19318318
2.1531599 0.0024900436 0.17710996 0.020547442 0.19205835
2.158145 0.0024950504 0.17153542 0.020232964 0.19085935
2.16313 0.0024900436 0.20002386 0.021877013 0.18958086
2.1681151 0.0024950504 0.2117827 0.022464588 0.18818937
2.1731 0.0024899244 0.15733096 0.01942534 0.18671942
2.178085 0.0024950504 0.16965209 0.020092031 0.18513167
2.183075 0.0024949312 0.16836904 0.020098176 0.18345743
2.18806 0.0024900436 0.20271954 0.022004068 0.18166555
2.1930451 0.0024949312 0.17218919 0.020231355 0.1797898
2.198035 0.0024950504 0.19079809 0.021311047 0.1777952
2.2030249 0.0024949312 0.2236308 0.023081021 0.17572413
2.20801 0.0024900436 0.19608793 0.021615222 0.1735504
2.212995 0.0024950504 0.20435746 0.022088341 0.17130487
2.2179852 0.0024949312 0.1693374 0.020094287 0.16899626
2.222975 0.0024950504 0.19300419 0.021442754 0.16661301
2.2279649 0.0024949312 0.17724718 0.020505285 0.16419967
2.232955 0.0024950504 0.13586172 0.01803674 0.16174084
2.237945 0.0024949312 0.15276422 0.019092975 0.15928061
2.242935 0.0024950504 0.1507122 0.01894333 0.1568046
2.2479248 0.0024949312 0.18101402 0.020780617 0.15435989
2.252915 0.0024950504 0.13650729 0.018033851 0.1519312
2.257905 0.0024949312 0.22142461 0.022958701 0.14956208
2.2628949 0.0024950504 0.15985937 0.019527463 0.14723963
2.2678847 0.0024949312 0.11945642 0.016914206 0.14500289
2.2728748 0.0024951696 0.16205773 0.019670177 0.14283574
2.2778652 0.0024950504 0.14393252 0.018492773 0.14076936
2.282855 0.0024949312 0.15276422 0.019092975 0.13881068
2.2878451 0.0024950504 0.12687595 0.017401893 0.13694558
2.2928352 0.0024949312 0.14313242 0.018497178 0.13520466
2.297825 0.0024950504 0.122140974 0.017076764 0.13356471
2.3028202 0.002499938 0.15449898 0.01920203 0.13205086
2.307815 0.0024950504 0.13887477 0.01818859 0.13063902
2.3128052 0.0024949312 0.124837205 0.017239409 0.12935483
2.317795 0.0024950504 0.14027393 0.018346282 0.12816906
2.3227901 0.002499938 0.14821576 0.01875737 0.12710187
2.327785 0.0024950504 0.11331658 0.016404016 0.12612802
2.332775 0.0024949312 0.10148399 0.015527067 0.12526755
2.33777 0.0025000572 0.16002242 0.01948636 0.12449004
2.3427649 0.0024949312 0.14410079 0.018492954 0.12381716
2.347755 0.0024950504 0.094215296 0.014975909 0.12322099
2.3527498 0.002499938 0.12915182 0.017527124 0.12271899
2.357745 0.0024950504 0.12639178 0.017404137 0.12228504
2.362735 0.0024950504 0.15103498 0.018941956 0.12193177
2.3677301 0.002499938 0.11685432 0.016714139 0.12165323
2.372725 0.0024950504 0.12703733 0.017401144 0.121429704
2.3777199 0.002499938 0.12174111 0.01704414 0.12127741
2.382715 0.0024950504 0.11062632 0.01623388 0.12116921
2.38771 0.002499938 0.10219396 0.015682528 0.12112349
2.392705 0.0024950504 0.13144954 0.017721793 0.121111184
2.397695 0.0024949312 0.122631 0.017075293 0.121149704
2.40269 0.0025000572 0.09810785 0.015318268 0.12121141
2.4076848 0.0024949312 0.11945642 0.016914206 0.12131362
2.41268 0.0025000572 0.12678292 0.017366296 0.12142693
2.417675 0.0024949312 0.0965874 0.015162612 0.12157056
2.42267 0.0025000572 0.114808135 0.016543921 0.12171477
2.42767 0.002499938 0.1362404 0.017998595 0.1218791
2.4326649 0.0024950504 0.1319337 0.017719587 0.122035176
2.4376597 0.002499938 0.14080504 0.01830687 0.12220217
2.4426548 0.0024950504 0.11283242 0.016406398 0.122353695
2.44765 0.0025000572 0.111640066 0.016378293 0.122503825
2.4526448 0.0024949312 0.14076482 0.018345028 0.12264988
2.45764 0.0025000572 0.12474231 0.017203307 0.12277251
2.4626398 0.002499938 0.14284575 0.018460132 0.12289346
2.467635 0.0024950504 0.13381702 0.01787923 0.1229888
2.47263 0.002499938 0.11653218 0.01671569 0.1230805
2.47763 0.0025000572 0.13542858 0.018001338 0.12314555
2.482625 0.0024950504 0.1363459 0.018034574 0.12320835
2.48762 0.0025000572 0.12678292 0.017366296 0.123244286
2.49262 0.002499938 0.1319979 0.017683476 0.123279355
2.497615 0.0024950504 0.0964214 0.015162746 0.1232903
2.5026102 0.002499938 0.100797534 0.015498481 0.1233025
2.50761 0.0025000572 0.11717088 0.01671179 0.12329298
2.5126052 0.0024949312 0.14313242 0.018497178 0.12328707
2.5176 0.0025000572 0.100470595 0.015499416 0.12326251
2.5226002 0.002499938 0.084418595 0.014180807 0.1232446
2.5276 0.0025000572 0.13811345 0.018154308 0.12321019
2.5325952 0.0024949312 0.14533862 0.018648785 0.12318438
2.53759 0.0025000572 0.15986136 0.019487025 0.12314474
2.5425901 0.0025000572 0.14756444 0.018759241 0.1231094
2.5475903 0.002499938 0.11937825 0.01687956 0.123079486
2.5525851 0.0024950504 0.13241786 0.017717382 0.12303731
2.55758 0.002499938 0.14032182 0.018308997 0.12300649
2.56258 0.0025000572 0.15024932 0.01890608 0.122964
2.5675802 0.002499938 0.10584539 0.015852988 0.12293319
2.572575 0.0024950504 0.12041904 0.016908776 0.12289024
2.57757 0.002499938 0.15938576 0.019489951 0.122857936
2.58257 0.0025000572 0.12882353 0.017527768 0.12281304
2.5875702 0.002499938 0.11986147 0.016877256 0.1227771
2.59257 0.0025000572 0.1187283 0.01688183 0.12272674
2.59757 0.002499938 0.15294148 0.019052694 0.12268448
2.602565 0.0024950504 0.12230236 0.017076002 0.12262596
2.6075602 0.002499938 0.12174111 0.01704414 0.12257341
2.61256 0.0025000572 0.11276752 0.016372748 0.12250253
2.61756 0.002499938 0.09843467 0.015317305 0.12243633
2.62256 0.0025000572 0.13134734 0.017685568 0.12235018
2.627555 0.0024949312 0.10573501 0.01588644 0.12226667
2.63255 0.0025000572 0.14332214 0.018457144 0.12216133
2.6375499 0.002499938 0.14569183 0.018608648 0.12205719
2.64255 0.0025000572 0.102994405 0.015677644 0.12192988
2.64755 0.0025000572 0.14772551 0.01875855 0.12179608
2.6525502 0.002499938 0.11513575 0.016543142 0.121655636
2.65755 0.0025000572 0.13150841 0.017684834 0.12149048
2.6625452 0.0024949312 0.10525082 0.015888901 0.121323384
2.66754 0.0025000572 0.11700981 0.016712565 0.121130645
2.6725402 0.002499938 0.09891789 0.015314763 0.1209352
2.67754 0.0025000572 0.12205743 0.017041804 0.12071379
2.68254 0.002499938 0.1121286 0.016376698 0.12049008
2.68754 0.0025000572 0.13118628 0.017686302 0.12024087
2.6925402 0.002499938 0.15310255 0.019052012 0.11998945
2.69754 0.0025000572 0.13102522 0.017687034 0.11971416
2.70254 0.002499938 0.100797534 0.015498481 0.11943842
2.707535 0.0024950504 0.13446257 0.017876318 0.11914004
2.7125301 0.002499938 0.12174111 0.01704414 0.11884393
2.71753 0.0025000572 0.13166948 0.0176841 0.11852838
2.72253 0.002499938 0.12442611 0.017205635 0.11821698
2.72753 0.0025000572 0.13891877 0.018150736 0.11789055
2.73253 0.002499938 0.10584539 0.015852988 0.11757278
2.73753 0.0025000572 0.11325071 0.016370371 0.117242984
2.7425299 0.002499938 0.110410035 0.01620214 0.11692659
2.74753 0.0025000572 0.1294678 0.017524809 0.11660312
2.75253 0.002499938 0.14096612 0.018306162 0.11629648
2.757525 0.0024950504 0.1273601 0.017399648 0.115987785
2.76252 0.0025000572 0.09842998 0.015316574 0.115694426
2.76752 0.002499938 0.13436076 0.01784064 0.115418114
2.77252 0.0025000572 0.09950421 0.015504437 0.11514478
2.7775202 0.002499938 0.110410035 0.01620214 0.11489722
2.78252 0.0025000572 0.12678292 0.017366296 0.11465423
2.78752 0.002499938 0.13876434 0.018152315 0.114439785
2.79252 0.0025000572 0.1107269 0.016199768 0.11423153
2.7975202 0.002499938 0.08474074 0.014178977 0.11405157
2.80252 0.0025000572 0.109277315 0.016206972 0.113878496
2.80752 0.002499938 0.12378182 0.01720865 0.11373393
2.81252 0.0025000572 0.10535715 0.015854686 0.11359593
2.8175201 0.002499938 0.100475386 0.015500155 0.11348484
2.82252 0.0025000572 0.11888936 0.016881062 0.11337926
2.82752 0.002499938 0.11245075 0.016375113 0.11329908
2.83252 0.0025000572 0.11260645 0.016373541 0.11322239
2.8375149 0.0024949312 0.12941101 0.017562298 0.11316993
2.84251 0.0025000572 0.11969469 0.01687722 0.11311852
2.8475099 0.002499938 0.102999315 0.01567839 0.113089144
2.85251 0.0025000572 0.11024371 0.016202169 0.113059275
2.85751 0.002499938 0.107886106 0.016029729 0.1130491
2.86251 0.0025000572 0.119372554 0.016878756 0.113036364
2.8675098 0.002499938 0.10283824 0.01567922 0.11304206
2.87251 0.0025000572 0.12001681 0.016875682 0.113043465
2.87751 0.0025000572 0.10014847 0.015501089 0.11305524
2.8825102 0.002499938 0.12190218 0.017043378 0.11307763
2.88751 0.0025000572 0.09338236 0.014949388 0.113093
2.89251 0.002499938 0.11008789 0.016203742 0.11312159
2.89751 0.0025000572 0.12694399 0.017365549 0.11314228
2.9025102 0.002499938 0.12899075 0.017527865 0.11317482
2.90751 0.0025000572 0.1034776 0.015675161 0.11319717
2.91251 0.002499938 0.11749861 0.016711034 0.11322978
2.91751 0.0025000572 0.098591045 0.015315727 0.113250636
2.9225101 0.002499938 0.1052011 0.01585626 0.11327981
2.92751 0.0025000572 0.1409594 0.018305289 0.11329551
2.93251 0.002499938 0.11433039 0.016547063 0.113318615
2.93751 0.0025000572 0.09118068 0.0147606125 0.113325894
2.9425101 0.002499938 0.1223854 0.017041095 0.1133395
2.94751 0.0025000572 0.107397765 0.016031392 0.113336354
2.9525099 0.002499938 0.12678897 0.017367125 0.11333757
2.95751 0.0025000572 0.13639496 0.017997015 0.1133218
2.96251 0.002499938 0.101119675 0.015496807 0.113310196
2.96751 0.0025000572 0.10632354 0.015849777 0.11328043
2.9725099 0.002499938 0.15025647 0.01890698 0.11325395
2.97751 0.0025000572 0.121735305 0.017043326 0.113209926
2.98251 0.002499938 0.12410396 0.017207144 0.11316955
2.98751 0.0025000572 0.107397765 0.016031392 0.113111176
2.9925098 0.002499938 0.11245075 0.016375113 0.11305704
2.99751 0.0025000572 0.08946219 0.014566721 0.11298607
3.00251 0.0025000572 0.11260645 0.016373541 0.112913996
3.0075102 0.002499938 0.13403861 0.017842095 0.11284231
3.012505 0.0024950504 0.10621412 0.015883222 0.11275448
3.0175 0.002499938 0.12190218 0.017043378 0.112672135
3.0225 0.0025000572 0.097946785 0.015319115 0.11257456
3.0275002 0.002499938 0.10536218 0.015855443 0.11248363
3.0325 0.0025000572 0.11953362 0.016877988 0.11237715
3.0375 0.002499938 0.13371646 0.017843548 0.11227804
3.0425 0.0025000572 0.11308964 0.016371164 0.11216408
3.0475001 0.002499938 0.11733753 0.01671181 0.11205718
3.0525 0.0025000572 0.13183054 0.017683366 0.111935556
3.0575 0.002499938 0.10772503 0.016030539 0.111821
3.0625 0.0025000572 0.11024371 0.016202169 0.11169132
3.0675 0.002499938 0.110410035 0.01620214 0.11156874
3.0725 0.0025000572 0.09875211 0.015314881 0.1114311
3.0774999 0.002499938 0.08817788 0.014574538 0.1112998
3.0825 0.0025000572 0.12914567 0.01752629 0.11115368
3.0875 0.002499938 0.08645931 0.014378118 0.1110138
3.0925 0.0025000572 0.1804818 0.020738635 0.11085864
3.0974998 0.002499938 0.11261182 0.016374322 0.1107097
3.1025 0.0025000572 0.114808135 0.016543921 0.1105458
3.1075 0.002499938 0.09843467 0.015317305 0.11038765
3.1125 0.0025000572 0.10143698 0.015494394 0.11021512
3.1174998 0.002499938 0.110410035 0.01620214 0.110049136
3.1225 0.0025000572 0.110565834 0.016200567 0.109868504
3.1275 0.0025000572 0.09037536 0.014765006 0.109689854
3.1325002 0.002499938 0.11089325 0.016199738 0.10951362
3.1375 0.0025000572 0.12930673 0.017525548 0.10932372
3.1425 0.002499938 0.11024896 0.016202942 0.10914268
3.1475 0.0025000572 0.08946219 0.014566721 0.10894934
3.1525002 0.002499938 0.09435324 0.014944893 0.10876508
3.1575 0.0025000572 0.084092446 0.01418196 0.108570345
3.1625 0.002499938 0.0982736 0.015318152 0.10838635
3.1675 0.0025000572 0.100470595 0.015499416 0.10819246
3.1725001 0.002499938 0.11245075 0.016375113 0.10800987
3.1775 0.0025000572 0.10836415 0.016026536 0.10781916
3.1825 0.002499938 0.095266454 0.015138244 0.10764128
3.1875 0.0025000572 0.091019616 0.014761492 0.107455626
3.1925 0.002499938 0.11937825 0.01687956 0.10728416
3.1975 0.0025000572 0.07700421 0.013578671 0.1071063
3.2024999 0.002499938 0.10552324 0.015854625 0.1069428
3.2075 0.0025000572 0.09842998 0.015316574 0.10677407
3.2125 0.002499938 0.14805469 0.018758062 0.10662036
3.2175 0.0025000572 0.109760515 0.01620457 0.106461294
3.2224998 0.002499938 0.09607182 0.015133959 0.10631795
3.2275 0.0025000572 0.1362339 0.017997736 0.106170096
3.2325 0.002499938 0.124587186 0.01720488 0.106037036
3.2375 0.0025000572 0.110565834 0.016200567 0.10589981
3.2424998 0.002499938 0.09623288 0.015133102 0.10577779
3.2475 0.0025000572 0.114808135 0.016543921 0.10565035
3.2525 0.0025000572 0.09875211 0.015314881 0.105532885
3.2575002 0.002499938 0.10536218 0.015855443 0.105425194
3.2625 0.0025000572 0.11008264 0.01620297 0.10531094
3.2675 0.002499938 0.114169315 0.016547846 0.105211206
3.2725 0.0025000572 0.107236706 0.0160322 0.1051048
3.2775002 0.002499938 0.13876434 0.018152315 0.10501105
3.2825 0.0025000572 0.117493 0.016710237 0.10491024
3.2875 0.002499938 0.08678146 0.014376313 0.104821675
3.2925 0.0025000572 0.14396639 0.018454334 0.10472429
3.2975001 0.002499938 0.08914431 0.014569197 0.10463884
3.3025 0.0025000572 0.12017788 0.016874913 0.104544
3.3075 0.002499938 0.101119675 0.015496807 0.10445931
3.3125 0.0025000572 0.105518214 0.015853869 0.10436504
3.3175 0.002499938 0.08678146 0.014376313 0.1042801
3.3225 0.0025000572 0.13134734 0.017685568 0.10418461
3.3274999 0.002499938 0.09843467 0.015317305 0.104098156
3.3325 0.0025000572 0.109921575 0.01620377 0.10400015
3.3375 0.002499938 0.12882969 0.017528605 0.103910156
3.3425 0.0025000572 0.09907424 0.015313187 0.10380878
3.3474998 0.002499938 0.091829315 0.014757801 0.1037153
3.3525 0.0025000572 0.09118068 0.0147606125 0.103609286
3.3575 0.002499938 0.08833895 0.014573648 0.103511
3.3625 0.0025000572 0.13387115 0.01784197 0.10340064
3.3674998 0.002499938 0.093386814 0.014950101 0.10329778
3.3725 0.0025000572 0.06803642 0.01272683 0.10318177
3.3775 0.0025000572 0.114969194 0.016543137 0.10306903
3.3825002 0.002499938 0.11513575 0.016543142 0.10295846
3.3875 0.0025000572 0.107236706 0.0160322 0.102836095
3.3925 0.002499938 0.10063646 0.015499318 0.1027216
3.3975 0.0025000572 0.114486 0.01654549 0.10259525
3.4025002 0.002499938 0.11449146 0.01654628 0.10247717
3.4075 0.0025000572 0.10943838 0.016206171 0.102348305
3.4125 0.002499938 0.12254647 0.017040333 0.10222801
3.4175 0.0025000572 0.107236706 0.0160322 0.10209723
3.4225001 0.002499938 0.082216814 0.013981639 0.10197602
3.4275 0.0025000572 0.09826891 0.015317421 0.101845466
3.4325 0.002499938 0.10820825 0.01602811 0.10172482
3.4375 0.0025000572 0.070399165 0.012944295 0.10159549
3.4425 0.002499938 0.09891789 0.015314763 0.10147757
3.4475 0.0025000572 0.10755883 0.016030584 0.10135096
3.4524999 0.002499938 0.102999315 0.01567839 0.10123632
3.4575 0.0025000572 0.06991597 0.012947301 0.10111448
3.4625 0.002499938 0.090862885 0.014763074 0.10100458
3.4675 0.0025000572 0.07243978 0.013160138 0.10088846
3.4724998 0.002499938 0.07400073 0.013376044 0.10078485
3.4775 0.0025000572 0.08726051 0.014372921 0.1006748
3.4825 0.002499938 0.11024896 0.016202942 0.10057816
3.4875 0.0025000572 0.09826891 0.015317421 0.100475386
3.4924998 0.002499938 0.07953181 0.013782417 0.10038547
3.4975 0.0025000572 0.10503502 0.015856322 0.10029008
3.5025 0.0025000572 0.11276752 0.016372748 0.10020297
3.5075002 0.002499938 0.10584539 0.015852988 0.1001237
3.5125 0.0025000572 0.10063166 0.0154985795 0.10003856
3.5175 0.002499938 0.06347502 0.012279883 0.09996617
3.5225 0.0025000572 0.08645519 0.014377433 0.09988696
3.5275002 0.002499938 0.12190218 0.017043378 0.099819824
3.5325 0.0025000572 0.110565834 0.016200567 0.09974584
3.5375 0.002499938 0.07212109 0.013162737 0.09968347
3.5425 0.0025000572 0.09590617 0.015134095 0.09961332
3.5475001 0.002499938 0.091507174 0.014759559 0.09955449
3.5525 0.0025000572 0.12393698 0.017207077 0.09948753
3.5575 0.002499938 0.09639396 0.015132245 0.09943077
3.5625 0.0025000572 0.10063166 0.0154985795 0.09936515
3.5675 0.002499938 0.08173359 0.013984423 0.0993099
3.5725 0.0025000572 0.15561906 0.019196386 0.09924494
3.5774999 0.002499938 0.09574967 0.015135674 0.09918985
3.5825 0.0025000572 0.11513026 0.016542353 0.09912471
3.5875 0.002499938 0.06911395 0.012952927 0.09906883
3.5925 0.0025000572 0.12157424 0.017044088 0.09900293
3.5974998 0.002499938 0.09607182 0.015133959 0.09894607
3.6025 0.0025000572 0.11765407 0.016709462 0.09887842
3.6075 0.002499938 0.09843467 0.015317305 0.09882012
3.6125 0.0025000572 0.0744804 0.013372497 0.09875128
3.6174998 0.002499938 0.11325611 0.016371153 0.09869077
3.6225 0.0025000572 0.1077199 0.016029773 0.09861987
3.6275 0.0025000572 0.08441457 0.014180131 0.098552614
3.6325002 0.002499938 0.124587186 0.01720488 0.09848909
3.6375 0.0025000572 0.12205743 0.017041804 0.098415636
3.6425 0.002499938 0.11749861 0.016711034 0.09835018
3.6475 0.0025000572 0.088979 0.014569392 0.098274186
3.6525002 0.002499938 0.120022535 0.016876487 0.09820706
3.6575 0.0025000572 0.11717088 0.01671179 0.098129325
3.6625 0.002499938 0.09811253 0.015318998 0.09805996
3.6675 0.0025000572 0.11260645 0.016373541 0.097980365
3.6725001 0.002499938 0.10332146 0.015676737 0.09790901
3.6775 0.0025000572 0.10267228 0.015679298 0.09782724
3.6825 0.002499938 0.08457967 0.014179892 0.09775373
3.6875 0.0025000572 0.07716527 0.0135777155 0.09766972
3.6925 0.002499938 0.10960467 0.016206143 0.09759385
3.6975 0.0025000572 0.10379973 0.015673507 0.09750766
3.7024999 0.002499938 0.10960467 0.016206143 0.09742963
3.7075 0.0025000572 0.072278716 0.013161124 0.09734071
3.7125 0.002499938 0.107886106 0.016029729 0.09726013
3.7175 0.0025000572 0.09069748 0.014763249 0.0971689
3.7224998 0.002499938 0.13119254 0.017687144 0.097085565
3.7275 0.0025000572 0.12458124 0.017204061 0.09699149
3.7325 0.002499938 0.07937074 0.013783359 0.096905544
3.7375 0.0025000572 0.10600141 0.015851414 0.09680895
3.7424998 0.002499938 0.07985395 0.013780535 0.09672013
3.7475 0.0025000572 0.112284325 0.016375124 0.09662084
3.7525 0.0025000572 0.117976196 0.016707908 0.09652466
3.7575002 0.002499938 0.11765968 0.016710257 0.09643217
3.7625 0.0025000572 0.07684314 0.013579626 0.09632921
3.7675 0.002499938 0.10584539 0.015852988 0.09623438
3.7725 0.0025000572 0.09150281 0.014758855 0.096129015
3.7775002 0.002499938 0.09574967 0.015135674 0.09603174
3.7825 0.0025000572 0.08441457 0.014180131 0.095924795
3.7875 0.002499938 0.08629824 0.01437902 0.095825896
3.7925 0.0025000572 0.08645519 0.014377433 0.09571719
3.7975001 0.002499938 0.07937074 0.013783359 0.09561689
3.8025 0.0025000572 0.086133055 0.014379237 0.09550696
3.8075 0.002499938 0.11733753 0.01671181 0.09540561
3.8125 0.0025000572 0.0774874 0.013575804 0.095295034
3.8175 0.002499938 0.081894666 0.0139834955 0.095192805
3.8225 0.0025000572 0.08377031 0.0141837895 0.09508171
3.8274999 0.002499938 0.07496717 0.013370224 0.09497931
3.8325 0.0025000572 0.10095379 0.015496905 0.09486776
3.8375 0.002499938 0.07937074 0.013783359 0.09476551
3.8425 0.0025000572 0.102994405 0.015677644 0.09465398
3.8474998 0.002499938 0.10992682 0.016204543 0.094551206
3.8525 0.0025000572 0.114486 0.01654549 0.09444003
3.8575 0.002499938 0.100797534 0.015498481 0.094337516
3.8625 0.0025000572 0.114486 0.01654549 0.09422603
3.8674998 0.002499938 0.09639396 0.015132245 0.094123706
3.8725 0.0025000572 0.101114854 0.015496069 0.0940125
3.8775 0.0025000572 0.08629412 0.014378334 0.093905464
3.8825002 0.002499938 0.1121286 0.016376698 0.09380319
3.8875 0.0025000572 0.10535715 0.015854686 0.09369175
3.8925 0.002499938 0.07985395 0.013780535 0.09358938
3.8975 0.0025000572 0.10600141 0.015851414 0.09347813
3.9025002 0.002499938 0.11024896 0.016202942 0.093375966
3.9075 0.0025000572 0.12694399 0.017365549 0.093264714
3.9125 0.002499938 0.110732175 0.016200539 0.09316304
3.9175 0.0025000572 0.11368068 0.016549408 0.09305247
3.9225001 0.002499938 0.13640147 0.017997874 0.09295134
3.9275 0.0025000572 0.10331653 0.01567599 0.09284202
3.9325 0.002499938 0.1009586 0.015497644 0.09274256
3.9375 0.0025000572 0.07968908 0.013780819 0.092634894
3.9425 0.002499938 0.07985395 0.013780535 0.09253739
3.9475 0.0025000572 0.093543425 0.01494852 0.09243233
3.9524999 0.002499938 0.09875682 0.015315611 0.092337675
3.9575 0.0025000572 0.096067235 0.0151332375 0.09223568
3.9625 0.002499938 0.07969288 0.013781477 0.09214453
3.9675 0.0025000572 0.105518214 0.015853869 0.092046656
3.9724998 0.002499938 0.10380468 0.015674254 0.09195935
3.9775 0.0025000572 0.07952802 0.013781761 0.09186545
3.9825 0.002499938 0.08946646 0.014567415 0.09178267
3.9875 0.0025000572 0.13558964 0.018000618 0.0916928
3.9924998 0.002499938 0.081894666 0.0139834955 0.09161406
3.9975 0.0025000572 0.11513026 0.016542353 0.091528095
4.0025 0.0025000572 0.09590617 0.015134095 0.0914484
4.0075 0.0025000572 0.091824934 0.014757098 0.091370426
4.0125 0.0024998188 0.08222073 0.013982306 0.09130223
4.0175 0.0025000572 0.096067235 0.0151332375 0.09121719
4.0225 0.0025000572 0.08962326 0.01456583 0.09114209
4.0275 0.0025000572 0.06991597 0.012947301 0.09106735
4.0325003 0.0024998188 0.077655874 0.013576144 0.09100108
4.0375 0.0025000572 0.088495806 0.0145720625 0.09091764
4.0425 0.0025000572 0.06519048 0.012508696 0.09084199
4.0475 0.0025000572 0.093543425 0.01494852 0.090765685
4.0525 0.0024998188 0.09339126 0.014950814 0.090696946
4.0575 0.0025000572 0.08962326 0.01456583 0.09060981
4.0625 0.0025000572 0.09842998 0.015316574 0.09052924
4.0675 0.0025000572 0.07243978 0.013160138 0.09044753
4.0725 0.0024998188 0.07513182 0.013369892 0.09037242
4.0775 0.0025000572 0.084092446 0.01418196 0.09027813
4.0825 0.0025000572 0.0847367 0.014178301 0.090190485
4.0875 0.0025000572 0.09069748 0.014763249 0.0901009
4.0924997 0.0024998188 0.08189857 0.013984162 0.09001767
4.0975 0.0025000572 0.09875211 0.015314881 0.089915745
4.1025 0.0025000572 0.10315547 0.015676817 0.08982054
4.1075 0.0025000572 0.10095379 0.015496905 0.0897233
4.1125 0.0024998188 0.103165306 0.015678313 0.089633234
4.1175 0.0025000572 0.08189076 0.013982829 0.0895249
4.1225 0.0025000572 0.08693838 0.0143747255 0.089423545
4.1275 0.0025000572 0.05101401 0.011089278 0.08932167
4.1325 0.0025000572 0.0629888 0.012282466 0.089218915
4.1375 0.0024998188 0.07497074 0.013370862 0.08912419
4.1425 0.0025000572 0.09842998 0.015316574 0.08901234
4.1475 0.0025000572 0.086777315 0.014375628 0.088909306
4.1525 0.0025000572 0.08865687 0.014571172 0.08880637
4.1575003 0.0024998188 0.098278284 0.015318882 0.088712834
4.1625 0.0025000572 0.14380534 0.018455036 0.088603236
4.1675 0.0025000572 0.06078712 0.01205199 0.0885029
4.1725 0.0025000572 0.074158266 0.013374437 0.08840413
4.1775 0.0024998188 0.07497074 0.013370862 0.08831568
4.1825 0.0025000572 0.10283334 0.015678471 0.088211365
4.1875 0.0025000572 0.08946219 0.014566721 0.08811789
4.1925 0.0025000572 0.0744804 0.013372497 0.08802628
4.1975 0.0024998188 0.086302355 0.014379706 0.087945074
4.2025 0.0025000572 0.088979 0.014569392 0.087848656
4.2075 0.0025000572 0.08189076 0.013982829 0.08776285
4.2125 0.0025000572 0.09810785 0.015318268 0.08767863
4.2174997 0.0024998188 0.09387451 0.014948211 0.087604426
4.2225 0.0025000572 0.08377031 0.0141837895 0.08751489
4.2275 0.0025000572 0.10315547 0.015676817 0.087435134
4.2325 0.0025000572 0.09037536 0.014765006 0.08735595
4.2375 0.0024998188 0.1154634 0.016542362 0.08728611
4.2425 0.0025000572 0.10143698 0.015494394 0.08719983
4.2475 0.0025000572 0.08189076 0.013982829 0.087121956
4.2525 0.0025000572 0.10820309 0.016027346 0.08704383
4.2575 0.0025000572 0.07464146 0.013371527 0.08696539
4.2625 0.0024998188 0.07937452 0.0137840165 0.0868942
4.2675 0.0025000572 0.09810785 0.015318268 0.08680563
4.2725 0.0025000572 0.09842998 0.015316574 0.0867239
4.2775 0.0025000572 0.09150281 0.014758855 0.08664073
4.2825003 0.0024998188 0.10756909 0.016032113 0.08656425
4.2875 0.0025000572 0.11040477 0.016201368 0.086469814
4.2925 0.0025000572 0.10755883 0.016030584 0.08638155
4.2975 0.0025000572 0.08441457 0.014180131 0.086291976
4.3025 0.0024998188 0.09323019 0.014951682 0.08620884
4.3075 0.0025000572 0.07056023 0.012943293 0.0861077
4.3125 0.0025000572 0.09118068 0.0147606125 0.0860137
4.3175 0.0025000572 0.106753506 0.016034627 0.08591848
4.3225 0.0024998188 0.08474478 0.0141796535 0.08582999
4.3275 0.0025000572 0.088979 0.014569392 0.0857247
4.3325 0.0025000572 0.08505883 0.014176471 0.08562729
4.3375 0.0025000572 0.072278716 0.013161124 0.0855293
4.3424997 0.0024998188 0.086302355 0.014379706 0.08543945
4.3475 0.0025000572 0.093543425 0.01494852 0.08533379
4.3525 0.0025000572 0.07308404 0.013156195 0.08523637
4.3575 0.0025000572 0.08221289 0.0139809735 0.085139915
4.3625 0.0024998188 0.0896318 0.01456722 0.085052155
4.3675 0.0025000572 0.07243978 0.013160138 0.08494902
4.3725 0.0025000572 0.065351546 0.012507659 0.08485528
4.3775 0.0025000572 0.07163446 0.013165065 0.08476228
4.3825 0.0025000572 0.09370449 0.014947653 0.08467024
4.3875 0.0024998188 0.060792916 0.0120531395 0.08458758
4.3925 0.0025000572 0.07764847 0.01357485 0.08448957
4.3975 0.0025000572 0.084897764 0.014177387 0.0844004
4.4025 0.0025000572 0.072278716 0.013161124 0.0843117
4.4075003 0.0024998188 0.053542923 0.0113381315 0.08423159
4.4125 0.0025000572 0.121735305 0.017043326 0.08413543
4.4175 0.0025000572 0.09638936 0.015131523 0.08404768
4.4225 0.0025000572 0.08221289 0.0139809735 0.08395963
4.4275 0.0024998188 0.098439366 0.015318035 0.083879314
4.4325 0.0025000572 0.07904483 0.013784584 0.08378199
4.4375 0.0025000572 0.08629412 0.014378334 0.08369227
4.4425 0.0025000572 0.0962283 0.015132381 0.08360153
4.4475 0.0024998188 0.09355234 0.014949946 0.083517335
4.4525 0.0025000572 0.11088796 0.016198967 0.08341637
4.4575 0.0025000572 0.069754906 0.012948303 0.08332215
4.4625 0.0025000572 0.10014847 0.015501089 0.08322654
4.4674997 0.0024998188 0.10364855 0.01567583 0.08313789
4.4725 0.0025000572 0.09402662 0.014945917 0.08303213
4.4775 0.0025000572 0.0744804 0.013372497 0.08293289
4.4825 0.0025000572 0.10251121 0.015680125 0.08283313
4.4875 0.0024998188 0.10268207 0.015680794 0.082740314
4.4925 0.0025000572 0.0962283 0.015132381 0.08263092
4.4975 0.0025000572 0.07904483 0.013784584 0.08252896
4.5025 0.0025000572 0.091019616 0.014761492 0.08242694
4.5075 0.0025000572 0.112284325 0.016375124 0.082324505
4.5125 0.0024998188 0.07668939 0.013581877 0.08223068
4.5175 0.0025000572 0.10519609 0.015855504 0.0821211
4.5225 0.0025000572 0.07684314 0.013579626 0.08201986
4.5275 0.0025000572 0.085971996 0.014380138 0.08191932
4.5325003 0.0024998188 0.06423022 0.01251611 0.08182775
4.5375 0.0025000572 0.07968908 0.013780819 0.08172103
4.5425 0.0025000572 0.07243978 0.013160138 0.08162368
4.5475 0.0025000572 0.08092438 0.013988393 0.08152731
4.5525 0.0024998188 0.113261506 0.016371934 0.081439726
4.5575 0.0025000572 0.0587465 0.011815922 0.08133801
4.5625 0.0025000572 0.086777315 0.014375628 0.08124547
4.5675 0.0025000572 0.10143698 0.015494394 0.081153624
4.5725 0.0024998188 0.07937452 0.0137840165 0.0810711
4.5775 0.0025000572 0.076682076 0.013580581 0.080974124
4.5825 0.0025000572 0.09402662 0.014945917 0.08088608
4.5875 0.0025000572 0.089140065 0.014568502 0.08079901
4.5924997 0.0024998188 0.06788183 0.012729064 0.08072084
4.5975 0.0025000572 0.08457564 0.014179216 0.08062797
4.6025 0.0025000572 0.06314986 0.012281409 0.080543935
4.6075 0.0025000572 0.093543425 0.01494852 0.080460586
4.6125 0.0024998188 0.10064126 0.0155000575 0.08038562
4.6175 0.0025000572 0.09402662 0.014945917 0.080296226
4.6225 0.0025000572 0.08441457 0.014180131 0.080215186
4.6275 0.0025000572 0.07528572 0.013367646 0.08013473
4.6325 0.0025000572 0.064224094 0.012514916 0.08005453
4.6375 0.0024998188 0.07212453 0.0131633645 0.07998266
4.6425 0.0025000572 0.07211765 0.013162109 0.0798957
4.6475 0.0025000572 0.09638936 0.015131523 0.07981672
4.6525 0.0025000572 0.11969469 0.01687722 0.07973811
4.6575003 0.0024998188 0.079696685 0.013782133 0.07966709
4.6625 0.0025000572 0.08189076 0.013982829 0.079580896
4.6675 0.0025000572 0.0847367 0.014178301 0.07950222
4.6725 0.0025000572 0.08377031 0.0141837895 0.07942355
4.6775 0.0024998188 0.10552828 0.015855381 0.07935186
4.6825 0.0025000572 0.07007704 0.012946299 0.07926488
4.6875 0.0025000572 0.06927171 0.012951308 0.07918505
4.6925 0.0025000572 0.07007704 0.012946299 0.07910474
4.6975 0.0024998188 0.091833696 0.014758505 0.079031564
4.7025 0.0025000572 0.0774874 0.013575804 0.07894268
4.7075 0.0025000572 0.0812465 0.013986538 0.07886055
4.7125 0.0025000572 0.07260085 0.013159152 0.07877805
4.7174997 0.0024998188 0.0651967 0.012509889 0.07870266
4.7225 0.0025000572 0.06755323 0.012729888 0.07861147
4.7275 0.0025000572 0.06819748 0.012725811 0.0785275
4.7325 0.0025000572 0.060303926 0.012055218 0.078443214
4.7375 0.0024998188 0.07040588 0.01294553 0.07836593
4.7425 0.0025000572 0.0957451 0.015134952 0.07827385
4.7475 0.0025000572 0.077326335 0.01357676 0.07818891
4.7525 0.0025000572 0.06438516 0.01251388 0.078104086
4.7575 0.0025000572 0.0702381 0.012945297 0.078019425
4.7625 0.0024998188 0.09623747 0.015133824 0.07794245
4.7675 0.0025000572 0.0702381 0.012945297 0.07785071
4.7725 0.0025000572 0.0629888 0.012282466 0.07776711
4.7775 0.0025000572 0.08017228 0.0137779955 0.07768368
4.7825003 0.0024998188 0.07749479 0.0135771 0.077608235
4.7875 0.0025000572 0.07952802 0.013781761 0.07751839
4.7925 0.0025000572 0.079205886 0.013783643 0.07743664
4.7975 0.0025000572 0.1034776 0.015675161 0.0773552
4.8025 0.0024998188 0.07668939 0.013581877 0.07728199
4.8075 0.0025000572 0.088495806 0.0145720625 0.07719428
4.8125 0.0025000572 0.06314986 0.012281409 0.077114485
4.8175 0.0025000572 0.06470729 0.012511807 0.07703504
4.8225 0.0024998188 0.091833696 0.014758505 0.07696349
4.8275 0.0025000572 0.06127031 0.01204876 0.07687739
4.8325 0.0025000572 0.083609246 0.014184704 0.07679917
4.8375 0.0025000572 0.07276191 0.013158167 0.07672122
4.8424997 0.0024998188 0.07781695 0.013575189 0.07665072
4.8475 0.0025000572 0.09638936 0.015131523 0.07656577
4.8525 0.0025000572 0.08865687 0.014571172 0.0764883
4.8575 0.0025000572 0.06551261 0.012506622 0.07641073
4.8625 0.0024998188 0.08222073 0.013982306 0.07634101
4.8675 0.0025000572 0.0782395 0.013789288 0.07625651
4.8725 0.0025000572 0.09118068 0.0147606125 0.07617935
4.8775 0.0025000572 0.07072129 0.012942291 0.076102
4.8825 0.0025000572 0.051497202 0.011085768 0.07602485
4.8875 0.0024998188 0.079696685 0.013782133 0.0759547
4.8925 0.0025000572 0.07496359 0.013369587 0.07586975
4.8975 0.0025000572 0.07716527 0.0135777155 0.075792044
4.9025 0.0025000572 0.09826891 0.015317421 0.07571394
4.9075003 0.0024998188 0.084261544 0.014182398 0.07564245
4.9125 0.0025000572 0.06819748 0.012725811 0.07555651
4.9175 0.0025000572 0.05638376 0.011577281 0.07547696
4.9225 0.0025000572 0.063471995 0.012279297 0.075396836
4.9275 0.0024998188 0.081737496 0.01398509 0.075323395
4.9325 0.0025000572 0.10063166 0.0154985795 0.075235054
4.9375 0.0025000572 0.06583474 0.012504548 0.07515281
4.9425 0.0025000572 0.0702381 0.012945297 0.07507005
4.9475 0.0024998188 0.07749479 0.0135771 0.074993536
4.9525 0.0025000572 0.06803642 0.01272683 0.07490172
4.9575 0.0025000572 0.06959384 0.012949305 0.07481652
4.9625 0.0025000572 0.067875355 0.01272785 0.07473035
4.9674997 0.0024998188 0.060792916 0.0120531395 0.07465031
4.9725 0.0025000572 0.082373954 0.013980045 0.0745555
4.9775 0.0025000572 0.07243978 0.013160138 0.07446704
4.9825 0.0025000572 0.081729695 0.013983756 0.07437739
4.9875 0.0024998188 0.06299481 0.012283637 0.07429453
4.9925 0.0025000572 0.0557395 0.011581762 0.074196585
4.9975 0.0025000572 0.06551261 0.012506622 0.07410517
5.0025 0.0025000572 0.093543425 0.01494852 0.07401322
5.0075 0.0025000572 0.088979 0.014569392 0.07392073
5.0125 0.0024998188 0.07561506 0.0133669805 0.07383448
5.0175 0.0025000572 0.07243978 0.013160138 0.07373401
5.0225 0.0025000572 0.09338236 0.014949388 0.07364032
5.0275 0.0025000572 0.06014286 0.012056294 0.07354596
5.0325003 0.0024998188 0.06567994 0.012506777 0.07345846
5.0375 0.0025000572 0.0774874 0.013575804 0.0733567
5.0425 0.0025000572 0.086777315 0.014375628 0.07326137
5.0475 0.0025000572 0.086616255 0.01437653 0.07316616
5.0525 0.0024998188 0.06299481 0.012283637 0.073077746
5.0575 0.0025000572 0.10852522 0.016025728 0.07297503
5.0625 0.0025000572 0.05606163 0.011579522 0.07287922
5.0675 0.0025000572 0.081729695 0.013983756 0.07278354
5.0725 0.0024998188 0.07937452 0.0137840165 0.07269422
5.0775 0.0025000572 0.070399165 0.012944295 0.072591245
5.0825 0.0025000572 0.072922975 0.0131571805 0.07249497
5.0875 0.0025000572 0.072278716 0.013161124 0.0723987
5.0924997 0.0024998188 0.08930964 0.014569001 0.07230878
5.0975 0.0025000572 0.06470729 0.012511807 0.07220527
5.1025 0.0025000572 0.06519048 0.012508696 0.072108045
5.1075 0.0025000572 0.06314986 0.012281409 0.07201104
5.1125 0.0024998188 0.048816983 0.010834481 0.071920514
5.1175 0.0025000572 0.07936695 0.013782701 0.07181586
5.1225 0.0025000572 0.08205183 0.013981901 0.07171759
5.1275 0.0025000572 0.08645519 0.014377433 0.07161922
5.1325 0.0025000572 0.06583474 0.012504548 0.07152049
5.1375 0.0024998188 0.077655874 0.013576144 0.07142781
5.1425 0.0025000572 0.09891317 0.015314033 0.07132147
5.1475 0.0025000572 0.07243978 0.013160138 0.071221486
5.1525 0.0025000572 0.07936695 0.013782701 0.071121
5.1575003 0.0024998188 0.07937452 0.0137840165 0.07102713
5.165 0.0050001144 0.063230395 0.008683895 0.070868984
5.1725 0.0025000572 0.06567367 0.012505584 0.0707172
5.1775 0.0024998188 0.07056696 0.012944528 0.07062279
5.1825 0.0025000572 0.06819748 0.012725811 0.070514835
5.1875 0.0025000572 0.089140065 0.014568502 0.07041399
5.1925 0.0025000572 0.06078712 0.01205199 0.07031351
5.1975 0.0024998188 0.058913186 0.011815951 0.070219904
5.2025 0.0025000572 0.06819748 0.012725811 0.070113905
5.2075 0.0025000572 0.08205183 0.013981901 0.07001512
5.2125 0.0025000572 0.07260085 0.013159152 0.06991714
5.2174997 0.0024998188 0.048655905 0.010835677 0.069826834
5.2225 0.0025000572 0.074802525 0.013370557 0.069724575
5.2275 0.0025000572 0.06567367 0.012505584 0.06962977
5.2325 0.0025000572 0.060948182 0.012050914 0.06953657
5.2375 0.0024998188 0.0752929 0.013368921 0.0694514
5.245 0.0050001144 0.052436978 0.007928571 0.06930974
5.2525 0.0025000572 0.088979 0.014569392 0.069178134
5.2575 0.0025000572 0.065351546 0.012507659 0.06909219
5.2625 0.0024998188 0.07733371 0.013578055 0.06901502
5.2675 0.0025000572 0.06110925 0.012049837 0.06892615
5.2725 0.0025000572 0.05101401 0.011089278 0.06884535
5.2775 0.0025000572 0.07211765 0.013162109 0.068766505
5.2825003 0.0024998188 0.06235049 0.012287862 0.068695724
5.2875 0.0025000572 0.08629412 0.014378334 0.068613194
5.2925 0.0025000572 0.06991597 0.012947301 0.06853894
5.2975 0.0025000572 0.07308404 0.013156195 0.06846628
5.3025 0.0024998188 0.06976156 0.0129495375 0.06840124
5.3075 0.0025000572 0.050852943 0.011090447 0.06832477
5.3125 0.0025000572 0.07716527 0.0135777155 0.06825604
5.3175 0.0025000572 0.07007704 0.012946299 0.06818811
5.3225 0.0024998188 0.056066975 0.0115806265 0.068127856
5.3275 0.0025000572 0.098591045 0.015315727 0.06805547
5.3325 0.0025000572 0.06486835 0.01251077 0.06799034
5.3375 0.0025000572 0.05654482 0.011576161 0.0679255
5.3424997 0.0024998188 0.053542923 0.0113381315 0.06786804
5.3475 0.0025000572 0.07968908 0.013780819 0.06779756
5.3525 0.0025000572 0.06046499 0.012054143 0.0677338
5.3575 0.0025000572 0.060948182 0.012050914 0.067670174
5.3625 0.0024998188 0.07497074 0.013370862 0.067612894
5.3675 0.0025000572 0.06486835 0.01251077 0.06754231
5.3725 0.0025000572 0.079205886 0.013783643 0.06747791
5.3775 0.0025000572 0.06583474 0.012504548 0.06741289
5.3825 0.0025000572 0.05761905 0.011823604 0.06734713
5.3875 0.0024998188 0.091028295 0.0147629 0.06728717
5.3925 0.0025000572 0.07904483 0.013784584 0.067213595
5.3975 0.0025000572 0.079850145 0.013779879 0.067145415
5.4025 0.0025000572 0.088979 0.014569392 0.067076564
5.4075003 0.0024998188 0.056389134 0.011578386 0.067013025
5.4125 0.0025000572 0.06771429 0.012728869 0.06693548
5.4175 0.0025000572 0.070399165 0.012944295 0.06686368
5.4225 0.0025000572 0.058424372 0.011818117 0.06679069
5.4275 0.0024998188 0.056550216 0.011577265 0.06672306
5.4325 0.0025000572 0.09370449 0.014947653 0.066642046
5.4375 0.0025000572 0.051175073 0.011088109 0.06656627
5.4425 0.0025000572 0.08581093 0.014381041 0.06648964
5.4475 0.0024998188 0.050857794 0.011091505 0.06641869
5.4525 0.0025000572 0.050852943 0.011090447 0.06633439
5.46 0.0050001144 0.052678574 0.007927343 0.06621587
5.4674997 0.0024998188 0.07985776 0.013781193 0.0661027
5.4725 0.0025000572 0.07528572 0.013367646 0.0660159
5.4775 0.0025000572 0.07716527 0.0135777155 0.06593525
5.4825 0.0025000572 0.05858544 0.011817019 0.06585424
5.4875 0.0024998188 0.09135045 0.0147611415 0.06577889
5.4925 0.0025000572 0.07464146 0.013371527 0.06569084
5.4975 0.0025000572 0.08441457 0.014180131 0.06560879
5.5025 0.0025000572 0.04784594 0.010840628 0.06552633
5.5075 0.0025000572 0.055900563 0.011580642 0.06544376
5.5125 0.0024998188 0.07921344 0.013784957 0.06536719
5.5175 0.0025000572 0.084092446 0.01418196 0.065277725
5.5225 0.0025000572 0.06046499 0.012054143 0.065194406
5.5275 0.0025000572 0.06755323 0.012729888 0.065110706
5.535 0.004999876 0.06197145 0.008603948 0.064987674
5.545 0.0050001144 0.06433123 0.008764255 0.06481553
5.5525 0.0024998188 0.07384318 0.0133776525 0.06469382
5.5575 0.0025000572 0.072922975 0.0131571805 0.064602084
5.5625 0.0025000572 0.08693838 0.0143747255 0.064515755
5.5675 0.0025000572 0.056222692 0.011578402 0.064429395
5.5725 0.0024998188 0.0702448 0.012946532 0.064348735
5.5775 0.0025000572 0.059981797 0.01205737 0.06425525
5.5825 0.0025000572 0.067875355 0.01272785 0.06416768
5.5875 0.0025000572 0.063471995 0.012279297 0.06407965
5.5924997 0.0024998188 0.07480966 0.013371833 0.06399745
5.5975 0.0025000572 0.05654482 0.011576161 0.06390257
5.6025 0.0025000572 0.08221289 0.0139809735 0.063813515
5.6075 0.0025000572 0.06567367 0.012505584 0.0637243
5.6125 0.0024998188 0.08205965 0.013983234 0.06364087
5.6175 0.0025000572 0.0629888 0.012282466 0.06354501
5.6225 0.0025000572 0.07243978 0.013160138 0.06345521
5.6275 0.0025000572 0.06551261 0.012506622 0.06336509
5.6325 0.0025000572 0.077970594 0.013572938 0.063275106
5.6375 0.0024998188 0.048978064 0.010833283 0.06319129
5.6425 0.0025000572 0.051497202 0.011085768 0.06309518
5.6475 0.0025000572 0.05353782 0.01133705 0.06300547
5.6525 0.0025000572 0.08441457 0.014180131 0.06291594
5.6575003 0.0024998188 0.058429945 0.011819244 0.062832505
5.665 0.0050001144 0.060867652 0.008521663 0.06269296
5.6725 0.0025000572 0.063471995 0.012279297 0.06255997
5.6775 0.0024998188 0.084261544 0.014182398 0.06247787
5.685 0.0050001144 0.06408964 0.008765364 0.062340632
5.6925 0.0025000572 0.054021012 0.011333617 0.06221036
5.6975 0.0024998188 0.10488396 0.015858654 0.062129956
5.7025 0.0025000572 0.079850145 0.013779879 0.06203809
5.7075 0.0025000572 0.06551261 0.012506622 0.061952855
5.7125 0.0025000572 0.06551261 0.012506622 0.06186816
5.7174997 0.0024998188 0.0660021 0.012504702 0.061789364
5.7225 0.0025000572 0.05133614 0.011086938 0.061699543
5.7275 0.0025000572 0.05385995 0.011334762 0.061615944
5.7325 0.0025000572 0.0702381 0.012945297 0.06153275
5.7375 0.0024998188 0.055744816 0.011582867 0.061455704
5.7425 0.0025000572 0.07308404 0.013156195 0.06136721
5.75 0.0050001144 0.05976681 0.008438994 0.061243635
5.7575 0.0025000572 0.063633054 0.012278241 0.06112053
5.7650003 0.004999876 0.044572156 0.0072845984 0.061000306
5.7725 0.0025000572 0.051497202 0.011085768 0.06087441
5.7775 0.0025000572 0.081729695 0.013983756 0.060792062
5.7825003 0.0024998188 0.053381845 0.011339276 0.06071559
5.7875 0.0025000572 0.05385995 0.011334762 0.060627367
5.7925 0.0025000572 0.05638376 0.011577281 0.060544502
5.7975 0.0025000572 0.058424372 0.011818117 0.060461387
5.8025 0.0024998188 0.067398585 0.012732121 0.060383886
5.8075 0.0025000572 0.065995805 0.01250351 0.060294118
5.8125 0.0025000572 0.060948182 0.012050914 0.060209937
5.8175 0.0025000572 0.076682076 0.013580581 0.06012512
5.8225 0.0024998188 0.046615094 0.010572435 0.060045477
5.8275 0.0025000572 0.065351546 0.012507659 0.059954073
5.8325 0.0025000572 0.067875355 0.01272785 0.059867997
5.8375 0.0025000572 0.06314986 0.012281409 0.059781164
5.8424997 0.0024998188 0.065518856 0.012507815 0.05969969
5.8475 0.0025000572 0.05133614 0.011086938 0.059606403
5.8525 0.0025000572 0.06583474 0.012504548 0.059518225
5.8575 0.0025000572 0.094187684 0.014945049 0.05942961
5.8625 0.0024998188 0.058429945 0.011819244 0.059346408
5.8675 0.0025000572 0.058424372 0.011818117 0.059251476
5.8725 0.0025000572 0.06314986 0.012281409 0.05916213
5.8775 0.0025000572 0.05638376 0.011577281 0.059072353
5.8825 0.0025000572 0.08946219 0.014566721 0.05898261
5.8875 0.0024998188 0.06772075 0.0127300825 0.058898084
5.895 0.0050001144 0.05353782 0.008016505 0.058757596
5.9025 0.0025000572 0.060626056 0.012053066 0.05862268
5.9075003 0.0024998188 0.058591027 0.011818146 0.05853859
5.9125 0.0025000572 0.046932776 0.010568973 0.058443602
5.9175 0.0025000572 0.05385995 0.011334762 0.058354445
5.9225 0.0025000572 0.05858544 0.011817019 0.058265693
5.9275 0.0024998188 0.06315589 0.012282581 0.05818281
5.9325 0.0025000572 0.05101401 0.011089278 0.05808905
5.9375 0.0025000572 0.05321569 0.0113393385 0.058001507
5.9425 0.0025000572 0.060948182 0.012050914 0.057914473
5.9475 0.0024998188 0.06659319 0.012737215 0.057833284
5.9525 0.0025000572 0.07968908 0.013780819 0.057741605
5.9575 0.0025000572 0.05353782 0.01133705 0.057656035
5.9625 0.0025000572 0.08441457 0.014180131 0.057570737
5.9674997 0.0024998188 0.060631838 0.012054216 0.057491627
5.9725 0.0025000572 0.07072129 0.012942291 0.057401955
5.9775 0.0025000572 0.088979 0.014569392 0.05731807
5.9825 0.0025000572 0.056222692 0.011578402 0.057234768
5.99 0.004999876 0.049056266 0.007659499 0.05711324
5.9975 0.0025000572 0.05606163 0.011579522 0.056987137
6.0025 0.0025000572 0.07308404 0.013156195 0.056905407
6.0075 0.0025000572 0.0587465 0.011815922 0.056823846
6.0125 0.0024998188 0.060953997 0.012052063 0.05674809
6.0175 0.0025000572 0.047093842 0.010567745 0.056662004
6.0225 0.0025000572 0.07464146 0.013371527 0.056581307
6.0275 0.0025000572 0.060626056 0.012053066 0.05650102
6.0325003 0.0024998188 0.054187246 0.011333554 0.056426536
6.0375 0.0025000572 0.060626056 0.012053066 0.0563413
6.0425 0.0025000572 0.055900563 0.011580642 0.056261905
6.0475 0.0025000572 0.06551261 0.012506622 0.056182884
6.0550003 0.004999876 0.05590323 0.008189141 0.056067273
6.0625 0.0025000572 0.082373954 0.013980045 0.055947054
6.0699997 0.004999876 0.049996085 0.0077513326 0.055832755
6.0775 0.0025000572 0.06739216 0.012730907 0.055713862
6.0825 0.0025000572 0.0672311 0.012731926 0.05563664
6.0875 0.0025000572 0.07512466 0.013368617 0.055559788
6.0924997 0.0024998188 0.06804291 0.012728045 0.055488456
6.0975 0.0025000572 0.051658265 0.0110845985 0.055406522
6.1025 0.0025000572 0.058424372 0.011818117 0.05533038
6.1075 0.0025000572 0.046932776 0.010568973 0.055254217
6.1125 0.0024998188 0.07040588 0.01294553 0.055183392
6.1175 0.0025000572 0.0587465 0.011815922 0.055101976
6.1225 0.0025000572 0.063471995 0.012279297 0.055026047
6.1275 0.0025000572 0.05826331 0.011819215 0.05494948
6.1325 0.0025000572 0.049295522 0.010829855 0.054873236
6.1375 0.0024998188 0.054026164 0.011334699 0.054801784
6.1425 0.0025000572 0.054021012 0.011333617 0.05471951
6.1475 0.0025000572 0.07056023 0.012943293 0.054641828
6.1525 0.0025000572 0.056222692 0.011578402 0.054563776
6.1575003 0.0024998188 0.054026164 0.011334699 0.054490235
6.1625 0.0025000572 0.07260085 0.013159152 0.054405455
6.1675 0.0025000572 0.070399165 0.012944295 0.05432531
6.1725 0.0025000572 0.06078712 0.01205199 0.05424429
6.1775 0.0024998188 0.04709833 0.010568754 0.05416724
6.185 0.0050001144 0.05654482 0.008185582 0.054037217
6.1925 0.0025000572 0.046771713 0.0105702 0.05391003
6.1975 0.0024998188 0.062672645 0.012285749 0.05382901
6.2025 0.0025000572 0.07072129 0.012942291 0.053736854
6.2075 0.0025000572 0.06314986 0.012281409 0.05364858
6.2125 0.0025000572 0.0672311 0.012731926 0.05355947
6.2200003 0.004999876 0.0504793 0.007748822 0.053426586
6.2275 0.0025000572 0.07072129 0.012942291 0.053286906
6.2325 0.0025000572 0.06078712 0.01205199 0.053194538
6.24 0.004999876 0.05496341 0.008102272 0.05305741
6.25 0.0050001144 0.04779202 0.0075679044 0.052867725
6.2575 0.0025000572 0.053054627 0.011340482 0.05272693
6.2625 0.0024998188 0.058429945 0.011819244 0.052638162
6.2675 0.0025000572 0.060948182 0.012050914 0.052539438
6.2725 0.0025000572 0.08189076 0.013982829 0.052446228
6.2775 0.0025000572 0.07780953 0.013573894 0.052353486
6.2825003 0.0024998188 0.0752929 0.013368921 0.052266117
6.2875 0.0025000572 0.06519048 0.012508696 0.05216977
6.2925 0.0025000572 0.074802525 0.013370557 0.052079145
6.2975 0.0025000572 0.074802525 0.013370557 0.05198913
6.3025 0.0024998188 0.07497074 0.013370862 0.051905334
6.3075 0.0025000572 0.06551261 0.012506622 0.051812425
6.3125 0.0025000572 0.065351546 0.012507659 0.051725365
6.3175 0.0025000572 0.06927171 0.012951308 0.05163953
6.3225 0.0024998188 0.058752105 0.011817049 0.05155959
6.3275 0.0025000572 0.06110925 0.012049837 0.05147067
6.3325 0.0025000572 0.089140065 0.014568502 0.051387817
6.3375 0.0025000572 0.07276191 0.013158167 0.051305886
6.3424997 0.0024998188 0.09403559 0.014947343 0.05122953
6.3475 0.0025000572 0.06110925 0.012049837 0.051144432
6.3525 0.0025000572 0.055900563 0.011580642 0.051065102
6.3575 0.0025000572 0.081729695 0.013983756 0.050986096
6.3625 0.0024998188 0.053865086 0.011335843 0.05091279
6.3675 0.0025000572 0.06739216 0.012730907 0.05083017
6.3725 0.0025000572 0.08709945 0.014373823 0.050752785
6.3775 0.0025000572 0.08693838 0.0143747255 0.05067574
6.3825 0.0025000572 0.06014286 0.012056294 0.05059904
6.3875 0.0024998188 0.0752929 0.013368921 0.050527103
6.3925 0.0025000572 0.07496359 0.013369587 0.05044559
6.3975 0.0025000572 0.072922975 0.0131571805 0.05036882
6.4025 0.0025000572 0.046771713 0.0105702 0.05029198
6.4075003 0.0024998188 0.07464858 0.013372802 0.050219744
6.4125 0.0025000572 0.08946219 0.014566721 0.050137594
6.4175 0.0025000572 0.06127031 0.01204876 0.050059948
6.4225 0.0025000572 0.07496359 0.013369587 0.04998162
6.4275 0.0024998188 0.091672614 0.014759384 0.049907714
6.4325 0.0025000572 0.086616255 0.01437653 0.049823765
6.4375 0.0025000572 0.07528572 0.013367646 0.049743906
6.4425 0.0025000572 0.05906863 0.011813726 0.04966332
6.4475 0.0024998188 0.07212453 0.0131633645 0.0495868
6.4525 0.0025000572 0.053376753 0.011338194 0.049499862
6.4575 0.0025000572 0.06266667 0.012284578 0.04941698
6.4625 0.0025000572 0.058424372 0.011818117 0.04933317
6.4674997 0.0024998188 0.06315589 0.012282581 0.049253
6.4725 0.0025000572 0.04881233 0.010833447 0.04916278
6.4775 0.0025000572 0.051658265 0.0110845985 0.04907609
6.4825 0.0025000572 0.046610646 0.010571427 0.048988137
6.4875 0.0024998188 0.06331696 0.012281525 0.048904262
6.4925 0.0025000572 0.07528572 0.013367646 0.048809912
6.4975 0.0025000572 0.0774874 0.013575804 0.04871899
6.5025 0.0025000572 0.049295522 0.010829855 0.048627287
6.5075 0.0025000572 0.077326335 0.01357676 0.048534617
6.5150003 0.004999876 0.052117333 0.007930584 0.04839592
6.5225 0.0025000572 0.065995805 0.01250351 0.04825109
6.5275 0.0025000572 0.046771713 0.0105702 0.048154917
6.535 0.004999876 0.042048227 0.0070913183 0.048011977
6.545 0.0050001144 0.041025914 0.0069909506 0.047814347
6.5550003 0.004999876 0.04062519 0.0069936025 0.04762028
6.565 0.0050001144 0.042126752 0.007090523 0.04742154
6.5725 0.0024998188 0.056711294 0.011576145 0.04727907
6.5775 0.0025000572 0.06078712 0.01205199 0.047177125
6.5825 0.0025000572 0.060948182 0.012050914 0.047080047
6.5875 0.0025000572 0.05385995 0.011334762 0.04698349
6.5924997 0.0024998188 0.061276156 0.01204991 0.046892118
6.6 0.0050001144 0.043227594 0.0071887164 0.0467451
6.6075 0.0025000572 0.065995805 0.01250351 0.046603967
6.6125 0.0024998188 0.046454012 0.010573663 0.046515275
6.62 0.0050001144 0.036461487 0.0065785903 0.04637242
6.6275 0.0025000572 0.049134456 0.010831052 0.046235427
6.6325 0.0025000572 0.05794118 0.01182141 0.04614471
6.6375 0.0024998188 0.060631838 0.012054216 0.046059012
6.6425 0.0025000572 0.053376753 0.011338194 0.045964826
6.65 0.0050001144 0.04346919 0.0071873628 0.0458306
6.66 0.004999876 0.04803591 0.0075669796 0.045654263
6.6675 0.0025000572 0.049134456 0.010831052 0.045518022
6.6725 0.0025000572 0.047254905 0.010566518 0.045428395
6.6775 0.0024998188 0.046292935 0.010574889 0.045342714
6.6825 0.0025000572 0.046771713 0.0105702 0.045247916
6.6875 0.0025000572 0.0587465 0.011815922 0.04515704
6.6949997 0.004999876 0.038342867 0.006790614 0.045021478
6.7025 0.0025000572 0.046610646 0.010571427 0.044880375
6.7075 0.0025000572 0.049295522 0.010829855 0.044786833
6.715 0.004999876 0.03968537 0.0068916795 0.044647075
6.725 0.0050001144 0.039602943 0.0068918215 0.044453487
6.7325 0.0025000572 0.046610646 0.010571427 0.044308107
6.74 0.004999876 0.037241973 0.0066865673 0.044163484
6.75 0.0050001144 0.044328436 0.007285586 0.04396425
6.76 0.004999876 0.04433055 0.0072859335 0.04376781
6.7675 0.0025000572 0.050852943 0.011090447 0.04361658
6.7725 0.0025000572 0.049134456 0.010831052 0.043516926
6.7799997 0.004999876 0.03716144 0.0066870525 0.043370057
6.79 0.0050001144 0.03361555 0.006365963 0.043170135
6.7975 0.0025000572 0.053698882 0.011335906 0.04302282
6.8025 0.0024998188 0.058429945 0.011819244 0.04292908
6.8075 0.0025000572 0.046127453 0.010575107 0.04282795
6.815 0.0050001144 0.041885156 0.0070918947 0.042683493
6.8225 0.0024998188 0.050857794 0.011091505 0.042544484
6.8275 0.0025000572 0.06078712 0.01205199 0.042445935
6.835 0.0050001144 0.054021012 0.008014077 0.0423055
6.8450003 0.004999876 0.044411086 0.007285489 0.042122733
6.8525 0.0025000572 0.049456585 0.010828657 0.04198381
6.8599997 0.004999876 0.03251626 0.0062551647 0.041850414
6.87 0.0050001144 0.042207286 0.0070900656 0.04166998
6.88 0.0050001144 0.040864848 0.006991878 0.041493554
6.8900003 0.004999876 0.03487912 0.00647446 0.041321
6.9 0.0050001144 0.05504132 0.008101485 0.04114606
6.91 0.004999876 0.03850394 0.006789659 0.040976364
6.9175 0.0025000572 0.060303926 0.012055218 0.040846523
6.9225 0.0025000572 0.054021012 0.011333617 0.040761396
6.9300003 0.004999876 0.04102787 0.006991284 0.040636435
6.94 0.0050001144 0.041025914 0.0069909506 0.04046587
6.9475 0.0024998188 0.04677617 0.010571208 0.040343802
6.955 0.0050001144 0.044408966 0.0072851414 0.040214524
6.965 0.004999876 0.03850394 0.006789659 0.040049896
6.975 0.0050001144 0.044328436 0.007285586 0.039882023
6.9849997 0.004999876 0.04937841 0.0076578055 0.0397187
6.995 0.0050001144 0.04196569 0.0070914375 0.039552346
7.005 0.0050001144 0.02612465 0.0056731 0.039388392
7.0150003 0.004999876 0.046935014 0.0074737486 0.039226912
7.025 0.0050001144 0.039522413 0.006892292 0.039062146
7.0325003 0.0024998188 0.04677617 0.010571208 0.038943946
7.04 0.0050001144 0.044086836 0.0072869216 0.03881849
7.05 0.004999876 0.03401983 0.006363719 0.038657986
7.0575 0.0025000572 0.046449583 0.010572654 0.03853448
7.065 0.0050001144 0.03361555 0.006365963 0.038412668
7.075 0.004999876 0.03598001 0.006581861 0.038251866
7.085 0.0050001144 0.04534874 0.0073816245 0.0380869
7.0950003 0.004999876 0.03227465 0.00625672 0.037924863
7.105 0.0050001144 0.03039356 0.006025995 0.037758503
7.115 0.004999876 0.036141083 0.0065808757 0.037594885
7.125 0.0050001144 0.038663168 0.00678838 0.037426453
7.135 0.004999876 0.031656973 0.0061404696 0.037260707
7.145 0.0050001144 0.026607845 0.0056696692 0.037090316
7.1549997 0.004999876 0.033536617 0.006366776 0.036922324
7.1625 0.0025000572 0.05606163 0.011579522 0.03679263
7.17 0.0050001144 0.03259524 0.006254348 0.036663894
7.1800003 0.004999876 0.03479858 0.006474961 0.036493197
7.19 0.0050001144 0.03227311 0.0062564216 0.036317937
7.2 0.004999876 0.038423404 0.006790137 0.036144964
7.21 0.0050001144 0.03809944 0.006791723 0.035967577
7.2200003 0.004999876 0.038826086 0.0067877485 0.03579236
7.23 0.0050001144 0.029990898 0.006028685 0.035612408
7.24 0.004999876 0.04062519 0.0069936025 0.035434615
7.25 0.0050001144 0.027789218 0.005791441 0.0352522
7.26 0.004999876 0.03826233 0.006791092 0.035071947
7.27 0.0050001144 0.027950281 0.005790321 0.034887157
7.2775 0.0025000572 0.05385995 0.011334762 0.034749284
7.285 0.004999876 0.043068584 0.007189961 0.034612644
7.295 0.0050001144 0.033535015 0.006366472 0.03442627
7.3050003 0.004999876 0.03638269 0.006579397 0.034243245
7.315 0.0050001144 0.032675773 0.0062538297 0.034057476
7.325 0.004999876 0.024085183 0.0054193763 0.033875983
7.335 0.0050001144 0.028030815 0.005789761 0.033693
7.3450003 0.004999876 0.027871078 0.005791157 0.033515517
7.3575 0.0074999332 0.019779809 0.0040206853 0.033295218
7.37 0.0050001144 0.02314426 0.0052869404 0.033079304
7.38 0.0050001144 0.029131655 0.0059096073 0.032911807
7.3900003 0.004999876 0.030153401 0.0060278964 0.03274981
7.4 0.0050001144 0.038341038 0.0067902906 0.032588616
7.41 0.004999876 0.029831257 0.0060300482 0.032434423
7.42 0.0050001144 0.033857144 0.0063644345 0.032280747
7.4300003 0.004999876 0.025266612 0.005546658 0.03213324
7.44 0.0050001144 0.031655464 0.0061401767 0.03198545
7.45 0.004999876 0.039524294 0.0068926206 0.031842865
7.46 0.0050001144 0.030232495 0.0060270713 0.031698693
7.4700003 0.004999876 0.038342867 0.006790614 0.03155851
7.48 0.0050001144 0.029051123 0.0059101563 0.031415608
7.49 0.004999876 0.033697687 0.006365757 0.031275447
7.5 0.0050001144 0.033454485 0.006366981 0.031131588
7.5125 0.0074999332 0.028550863 0.0047941334 0.030953025
7.525 0.0050001144 0.024084035 0.005419118 0.030770566
7.535 0.004999876 0.032194115 0.0062572383 0.030625192
7.545 0.0050001144 0.031413868 0.006141761 0.030475605
7.5550003 0.004999876 0.032757867 0.006253609 0.030327762
7.5675 0.0074999332 0.021623472 0.0041703894 0.030139403
7.58 0.0050001144 0.025909666 0.005541714 0.029949866
7.59 0.004999876 0.0245684 0.005415784 0.029800426
7.6 0.0050001144 0.028030815 0.005789761 0.02964851
7.6099997 0.004999876 0.02298429 0.0052884193 0.029500218
7.62 0.0050001144 0.03039356 0.006025995 0.029350193
7.63 0.0050001144 0.032756306 0.006253311 0.029202793
7.6400003 0.004999876 0.024326792 0.0054175807 0.029058348
7.65 0.0050001144 0.03621989 0.006580069 0.028912572
7.66 0.004999876 0.024326792 0.0054175807 0.028771045
7.67 0.0050001144 0.028030815 0.005789761 0.028628232
7.6800003 0.004999876 0.027011795 0.005667079 0.028489335
7.69 0.0050001144 0.028030815 0.005789761 0.02834866
7.7 0.004999876 0.031495903 0.0061415257 0.028211456
7.71 0.0050001144 0.032514706 0.0062548663 0.028071966
7.7200003 0.004999876 0.029133044 0.005909889 0.027935212
7.7325 0.0074999332 0.025346747 0.0045282776 0.02776194
7.745 0.0050001144 0.03581723 0.0065825325 0.027587656
7.755 0.0050001144 0.02897059 0.005910705 0.027448218
7.7650003 0.004999876 0.024085183 0.0054193763 0.027309455
7.775 0.0050001144 0.03157493 0.0061407047 0.027167464
7.785 0.004999876 0.0232259 0.005286579 0.027027527
7.795 0.0050001144 0.03007143 0.006028147 0.026884591
7.8075 0.0074999332 0.021516092 0.0041710804 0.026708266
7.8225 0.0074999332 0.021462401 0.004171426 0.026496118
7.835 0.0050001144 0.02819188 0.0057886406 0.026319623
7.8450003 0.004999876 0.029052507 0.005910438 0.026181582
7.8575 0.0074999332 0.021516092 0.0041710804 0.026009182
7.87 0.0050001144 0.029131655 0.0059096073 0.025838982
8.237499 0.0075001717 0.022088237 0.0042460123 0.021400968
8.252501 0.0075001717 0.019886555 0.0040198406 0.021228906
8.265 0.0050001144 0.029131655 0.0059096073 0.021091506
8.2775 0.007499695 0.015788587 0.003614969 0.020961363
8.295 0.010000229 0.014914917 0.0030148802 0.020784581
8.309999 0.0049996376 0.023603093 0.005423224 0.020642532
8.32 0.0050001144 0.027789218 0.005791441 0.020547574
8.33 0.0050001144 0.024164567 0.005418519 0.020456217
8.342501 0.0075001717 0.02004762 0.004018765 0.020343637
8.355 0.0049996376 0.026529843 0.0056707817 0.0202337
8.3675 0.0075001717 0.024665734 0.004458469 0.020119773
8.3825 0.0075001717 0.01893791 0.0039430293 0.019984096
8.395 0.0049996376 0.027952949 0.0057908734 0.019871242
8.407499 0.0075001717 0.018418768 0.0038617072 0.019752372
8.422501 0.0075001717 0.016467787 0.003700323 0.019609228
8.4375 0.007499695 0.0166836 0.0036989998 0.019464359
8.452499 0.0075001717 0.018365081 0.0038620804 0.01931461
8.467501 0.0075001717 0.019886555 0.0040198406 0.019164529
8.4825 0.007499695 0.020836527 0.0040954715 0.019015081
8.497499 0.0075001717 0.019098975 0.0039419327 0.018863596
8.51 0.0050001144 0.025587536 0.0055440543 0.01873924
8.52 0.0049996376 0.026529843 0.0056707817 0.01864245
8.5375 0.012500286 0.009784034 0.0022208947 0.018470576
8.5575 0.007499695 0.018151483 0.0038638185 0.018280625
8.5725 0.0075001717 0.019457052 0.0040227077 0.018138558
8.5875 0.0075001717 0.017720822 0.0038665559 0.017999183
8.6025 0.007499695 0.01562751 0.003616165 0.017861996
8.615 0.0050001144 0.022983195 0.005288167 0.017745992
8.625 0.0050001144 0.022338936 0.0052930703 0.017654195
8.639999 0.009999752 0.013250982 0.0029003348 0.017517129
8.657499 0.0075001717 0.016199347 0.0037022696 0.017354976
8.672501 0.0075001717 0.017881887 0.0038654373 0.017216196
8.690001 0.009999752 0.015855448 0.0031301735 0.017054634
8.7075 0.0075001717 0.015214753 0.0035262622 0.016891431
8.7225 0.007499695 0.018151483 0.0038638185 0.016753856
8.735 0.0050001144 0.025587536 0.0055440543 0.016638098
8.747499 0.0075001717 0.015626518 0.003615935 0.016524682
8.762501 0.0075001717 0.018418768 0.0038617072 0.016390748
8.7775 0.007499695 0.016898368 0.0036974407 0.016260933
8.7925 0.0075001717 0.01977918 0.0040205573 0.016132755
8.809999 0.009999752 0.011639912 0.0027126784 0.015990535
8.83 0.010000229 0.015935225 0.0031295063 0.015833266
8.8475 0.007499695 0.01700575 0.003696661 0.015702887
8.865 0.010000229 0.015384804 0.0030729917 0.015574934
8.8825 0.0075001717 0.019832868 0.004020199 0.015450453
8.9 0.009999752 0.011962056 0.0027102863 0.015327534
8.92 0.010000229 0.0133039225 0.0028348346 0.015184066
8.9375 0.007499695 0.01700575 0.003696661 0.01505723
8.955 0.010000229 0.0118004205 0.0027113534 0.014924453
8.975 0.009999752 0.012109822 0.0027771266 0.014769507
8.997499 0.012500286 0.010482074 0.0022690112 0.014587952
9.02 0.009999752 0.0131434845 0.0028361136 0.014404301
9.0425 0.012500286 0.0114271715 0.002365379 0.014219203
9.0625 0.007499695 0.015215721 0.0035264862 0.014059045
9.077499 0.0075001717 0.019886555 0.0040198406 0.013940905
9.094999 0.009999752 0.014365181 0.002956316 0.0138097955
9.115 0.010000229 0.012042018 0.002709559 0.013665657
9.135 0.010000229 0.016337886 0.0031269148 0.013529924
9.155001 0.009999752 0.013385093 0.0028343976 0.013401777
9.172501 0.0075001717 0.017631186 0.003780542 0.013292893
9.190001 0.009999752 0.011800984 0.0027114826 0.013188275
9.21 0.010000229 0.012082283 0.0027092595 0.013069093
9.23 0.009999752 0.012633306 0.002773329 0.012951267
9.25 0.010000229 0.0119212195 0.0027104563 0.012830722
9.2675 0.007499695 0.020048896 0.00401902 0.012724457
9.285 0.010000229 0.011411065 0.0026446965 0.012613782
9.3075 0.012499809 0.00896813 0.0021170639 0.012468525
9.33 0.010000229 0.012632704 0.0027731967 0.012317281
9.3475 0.007499695 0.01700575 0.003696661 0.012197326
9.365 0.010000229 0.011411065 0.0026446965 0.012072911
9.3825 0.0075001717 0.01700467 0.003696426 0.011947028
9.4 0.009999752 0.016647503 0.0031841518 0.011819691
9.42 0.010000229 0.013653012 0.0028973997 0.011671309
9.4375 0.007499695 0.01594966 0.0036137726 0.011541852
9.4575 0.012500286 0.008967788 0.002116983 0.011392134
9.48 0.009999752 0.011210269 0.002646355 0.011225834
9.505 0.015000343 0.008967788 0.0019325323 0.011042435
9.535 0.0149998665 0.008833848 0.0019335258 0.010828302
9.5575 0.007499695 0.01915388 0.0039418177 0.010672045
9.575 0.010000229 0.0119212195 0.0027104563 0.01055275
9.5975 0.012499809 0.009064772 0.0021163283 0.010404414
9.622499 0.012500286 0.008935574 0.0021172282 0.0102434475
9.6475 0.012499809 0.009666196 0.0021674903 0.0100878365
9.672501 0.012500286 0.009128852 0.0021157572 0.00993549
9.7025 0.017499924 0.008338964 0.0017240646 0.009757895
9.73 0.009999752 0.013264289 0.0028352558 0.009598042
9.752501 0.012500286 0.010890197 0.0023181436 0.009468347
9.7775 0.012499809 0.009666196 0.0021674903 0.0093261
9.805 0.0149998665 0.00847576 0.0018484667 0.009169855
9.8325 0.012500286 0.009945098 0.0022197263 0.0090137925
9.8575 0.012499809 0.011019468 0.0023173366 0.008872942
9.8875 0.017499924 0.007824943 0.0016555423 0.008704548
9.9175 0.012500286 0.009214846 0.0021707565 0.008538047
9.945 0.0149998665 0.008001422 0.0018066295 0.008388972
9.975 0.0149998665 0.007992552 0.0018519722 0.008230169
