READ SERR 1 2
@wdata.pco
!
2.00378 0.0024899244 0.07602679 0.0147194695 0.09578472
2.008755 0.0024850368 0.1218972 0.01869959 0.09522675
2.013725 0.0024850368 0.101603486 0.016948791 0.0946753
2.0187001 0.0024899244 0.09512363 0.016456373 0.09412933
2.023675 0.0024850368 0.11589026 0.01805492 0.09357826
2.02865 0.0024900436 0.117355056 0.018237082 0.09302825
2.0336251 0.0024849176 0.10663687 0.017404081 0.092486024
2.0386 0.0024900436 0.12345489 0.018653281 0.0919352
2.04358 0.0024899244 0.09288486 0.016216915 0.09139313
2.048555 0.0024850368 0.10941685 0.017624691 0.090844825
2.05353 0.0024900436 0.09584019 0.016451634 0.09029577
2.05851 0.0024900436 0.067324094 0.013911514 0.08974717
2.06349 0.0024899244 0.086965024 0.015735332 0.089200504
2.06847 0.0024900436 0.08436164 0.015486086 0.08864324
2.07345 0.0024899244 0.078986704 0.014978538 0.08809122
2.07843 0.0024900436 0.07934348 0.014975651 0.08752671
2.0834098 0.0024899244 0.086604446 0.015737398 0.08696596
2.0883899 0.0024900436 0.10399841 0.017142508 0.086391196
2.09337 0.0024900436 0.06714382 0.0139126815 0.085817985
2.09835 0.0024900436 0.093060695 0.016215138 0.08522908
2.1033301 0.0024900436 0.075302035 0.01472318 0.08463539
2.1083102 0.0024899244 0.1234608 0.018654173 0.08403595
2.11329 0.0024900436 0.10847573 0.017592948 0.08341732
2.1182752 0.0024949312 0.08401645 0.015456796 0.08279351
2.12326 0.0024900436 0.08230326 0.01523034 0.08214767
2.12824 0.0024899244 0.06158777 0.01334648 0.081494875
2.13322 0.0024900436 0.07898293 0.014977821 0.08081664
2.138205 0.0024949312 0.08160225 0.015203698 0.08012622
2.14319 0.0024900436 0.05342661 0.0124459695 0.07940771
2.1481748 0.0024949312 0.09046418 0.015941814 0.0786737
2.1531599 0.0024900436 0.059706718 0.013046968 0.07790708
2.158145 0.0024950504 0.09528804 0.016420593 0.07711819
2.16313 0.0024900436 0.088838965 0.015983274 0.07630493
2.1681151 0.0024950504 0.0708625 0.014152281 0.07545397
2.1731 0.0024899244 0.06526884 0.013626899 0.0745799
2.178085 0.0024950504 0.08231802 0.015198712 0.07366706
2.183075 0.0024949312 0.073100165 0.014425626 0.072727725
2.18806 0.0024900436 0.106597625 0.017367318 0.07175059
2.1930451 0.0024949312 0.10692858 0.017330494 0.070748605
2.198035 0.0024950504 0.08141843 0.015204036 0.06970819
2.2030249 0.0024949312 0.06012953 0.01301768 0.06864549
2.20801 0.0024900436 0.06230594 0.0133409705 0.06755132
2.212995 0.0024950504 0.08660644 0.015704034 0.066437125
2.2179852 0.0024949312 0.079008125 0.014947397 0.06530528
2.222975 0.0024950504 0.07659026 0.014684821 0.06415215
2.2279649 0.0024949312 0.06495793 0.013600742 0.06299447
2.2354498 0.0049899817 0.055787195 0.008886556 0.061243866
2.242935 0.0024950504 0.064774916 0.013601284 0.059499286
2.25042 0.0049899817 0.057751533 0.009104461 0.057785746
2.2603998 0.0049899817 0.045358554 0.008097491 0.055569123
2.2678847 0.0024949312 0.056995627 0.012721216 0.05397867
2.2753701 0.00499022 0.050904095 0.008559052 0.052473675
2.282855 0.0024949312 0.06218388 0.013314836 0.051054876
2.2878451 0.0024950504 0.06772875 0.013880099 0.05016307
2.29533 0.0049899817 0.051266372 0.008557569 0.048921384
2.305315 0.0049949884 0.05492244 0.008881741 0.047418535
2.3153 0.0049899817 0.048672307 0.008328764 0.046099626
2.3227901 0.002499938 0.05982954 0.012992849 0.04522189
2.327785 0.0024950504 0.0543989 0.012413174 0.04469036
2.3352752 0.0049949884 0.026543742 0.006205071 0.04397666
2.3452601 0.0049899817 0.048402425 0.008330221 0.043146074
2.355245 0.0049949884 0.038834427 0.0074698143 0.042449143
2.362735 0.0024950504 0.054039065 0.012415782 0.042000182
2.370225 0.0049949884 0.029045336 0.0065089883 0.04161926
2.3802152 0.0049949884 0.03588348 0.007209333 0.041186363
2.390205 0.0049949884 0.041875243 0.0077209896 0.040831197
2.4001951 0.0049949884 0.048623517 0.008320415 0.040538095
2.4101849 0.0049949884 0.041605633 0.007722559 0.040291626
2.420175 0.0049949884 0.032842662 0.006939663 0.040077366
2.4301648 0.0049949884 0.043260846 0.0078443345 0.039882887
2.440155 0.0049949884 0.045043476 0.008090872 0.039697487
2.44765 0.0025000572 0.066874884 0.013856957 0.039558556
2.455145 0.0049949884 0.037179213 0.007341829 0.039419208
2.465135 0.0049949884 0.03995042 0.0075988322 0.03922585
2.47263 0.002499938 0.05634278 0.012699548 0.03907562
2.480125 0.0049951077 0.043259814 0.007844147 0.03891665
2.49012 0.004999995 0.04080822 0.007585912 0.038696118
2.497615 0.0024950504 0.067009084 0.013884763 0.03852273
2.5051103 0.004999995 0.03151534 0.006792526 0.038344406
2.5151052 0.0049949884 0.040527187 0.0077288314 0.0380971
2.5251002 0.004999995 0.030400466 0.0066481708 0.037841212
2.5350952 0.0049949884 0.039860547 0.0075993636 0.037578262
2.5450902 0.004999995 0.03446333 0.0070678424 0.037310008
2.5550852 0.0049949884 0.04066938 0.0075945794 0.03703816
2.5650802 0.004999995 0.036476012 0.007198196 0.03676405
2.5750751 0.0049949884 0.034497876 0.007074927 0.03648897
2.5875702 0.0075000525 0.02869175 0.0052249637 0.036144167
2.6000652 0.0049949884 0.042901367 0.007846394 0.03579924
2.6100602 0.004999995 0.039154664 0.0074601737 0.03552144
2.62006 0.004999995 0.047190614 0.008196017 0.035240833
2.630055 0.0049949884 0.026723484 0.0062037692 0.034955923
2.6375499 0.002499938 0.05634278 0.012699548 0.034739282
2.64505 0.0050001144 0.036385365 0.0071985843 0.034515146
2.6550503 0.004999995 0.039603565 0.007457472 0.034211364
2.6650453 0.0049949884 0.040040288 0.0075983005 0.033896077
2.6750402 0.004999995 0.033168897 0.006930388 0.033568416
2.68504 0.004999995 0.035002016 0.0070644203 0.033227663
2.6950402 0.004999995 0.027811596 0.006352161 0.032874264
2.7050352 0.0049949884 0.039014168 0.007468733 0.032509618
2.7150302 0.004999995 0.043037966 0.007837508 0.032135807
2.72503 0.004999995 0.037680667 0.00733118 0.031756423
2.7350302 0.004999995 0.03955129 0.0075933463 0.03137623
2.74503 0.004999995 0.033079118 0.0069309697 0.031000301
2.755025 0.0049949884 0.028109087 0.0063566226 0.030634437
2.76752 0.0075000525 0.03092148 0.005466917 0.03019915
2.7800202 0.004999995 0.027542256 0.006354064 0.029793015
2.79002 0.004999995 0.030490248 0.0066475645 0.029494308
2.8000202 0.004999995 0.040449098 0.007588037 0.029218916
2.81252 0.0074999332 0.030298425 0.005386894 0.028907433
2.82752 0.0075000525 0.020591088 0.0045310827 0.028571839
2.840015 0.0049949884 0.03061068 0.006653621 0.02831903
2.85251 0.0074999332 0.022257486 0.004716492 0.028085299
2.8675098 0.0075000525 0.022855666 0.0047126175 0.027819576
2.8800101 0.004999995 0.027901378 0.0063515264 0.027607644
2.8900099 0.004999995 0.02883669 0.00650371 0.027442118
2.90001 0.004999995 0.02883669 0.00650371 0.027279057
2.91251 0.0075000525 0.026726438 0.005060067 0.02707757
2.9250102 0.004999995 0.029644715 0.0064981305 0.026877679
2.93501 0.004999995 0.027721817 0.0063527953 0.02671762
2.94751 0.0074999332 0.023479575 0.0048040585 0.026516266
2.96001 0.004999995 0.03696242 0.007335576 0.026311876
2.9725099 0.0075000525 0.021932863 0.004621385 0.02610342
2.9850101 0.004999995 0.02642738 0.006199508 0.025891248
2.99751 0.0075000525 0.019907696 0.004434503 0.025673814
3.010005 0.0049949884 0.029135207 0.006508368 0.025453111
3.0225 0.0074999332 0.024701664 0.004890057 0.025228431
3.0375 0.0075000525 0.023838323 0.004801744 0.024953647
3.055 0.00999999 0.016827654 0.0035364863 0.024626996
3.0725 0.0074999332 0.02464181 0.0048904233 0.024292147
3.085 0.004999995 0.030669808 0.006646352 0.024046525
3.0949998 0.004999995 0.032054022 0.0067889653 0.023846183
3.105 0.004999995 0.032502927 0.0067859963 0.02364247
3.1174998 0.0075000525 0.016959729 0.004137737 0.023383474
3.13 0.004999995 0.027721817 0.0063527953 0.023121882
3.1425 0.0075000525 0.020266816 0.004432079 0.02285866
3.1575 0.0074999332 0.02163394 0.004623396 0.02254504
3.1725001 0.0075000525 0.019668285 0.0044361185 0.022236312
3.19 0.00999999 0.016315106 0.0034669384 0.021888873
3.205 0.004999995 0.03379736 0.0069263163 0.021603022
3.2150002 0.004999995 0.026876284 0.0061962567 0.021420501
3.2275 0.0074999332 0.018182086 0.004237345 0.021201499
3.2424998 0.0075000525 0.017079435 0.004136871 0.020949978
3.255 0.004999995 0.029465154 0.006499371 0.020749543
3.2675 0.0075000525 0.022855666 0.0047126175 0.020555947
3.285 0.00999999 0.014059222 0.0032543328 0.020293484
3.3000002 0.004999995 0.03075959 0.0066457456 0.02007302
3.31 0.004999995 0.027811596 0.006352161 0.019927664
3.3225 0.0074999332 0.024821373 0.0048893243 0.019746883
3.34 0.00999999 0.016090656 0.003468391 0.019493917
3.36 0.00999999 0.015955985 0.0034692625 0.019204827
3.3775 0.0075000525 0.018241651 0.0042368546 0.018951459
3.395 0.00999999 0.019218208 0.003732247 0.018698737
3.415 0.00999999 0.013591566 0.0031783003 0.018411603
3.435 0.00999999 0.016045766 0.0034686816 0.018129213
3.4499998 0.004999995 0.02817072 0.0063496227 0.0179222
3.465 0.00999999 0.012315884 0.003106248 0.017721685
3.4825 0.0075000525 0.020266816 0.004432079 0.017495831
3.5 0.00999999 0.017699322 0.0036024558 0.017280933
3.5175 0.0075000525 0.02101006 0.004528315 0.017075298
3.5325 0.0074999332 0.019967867 0.0044341693 0.016906682
3.5475001 0.0075000525 0.022471542 0.0046178955 0.016742859
3.565 0.00999999 0.018750552 0.0036661397 0.016557315
3.585 0.00999999 0.014930892 0.0033259036 0.0163493
3.605 0.00999999 0.018724415 0.0037352154 0.016143946
3.625 0.00999999 0.013412005 0.0031795683 0.015939936
3.645 0.00999999 0.013969442 0.003254952 0.015736729
3.6625 0.0075000525 0.017618114 0.0041329726 0.015559335
3.6775 0.0074999332 0.022796175 0.0047130724 0.015407994
3.6999998 0.014999986 0.009996356 0.002267535 0.015180884
3.725 0.00999999 0.0156229995 0.003397153 0.014928873
3.7424998 0.0075000525 0.021189619 0.004527128 0.014752349
3.7625 0.012500048 0.010262696 0.002546936 0.014550934
3.7875 0.0124999285 0.013944051 0.0028833204 0.014300162
3.81 0.00999999 0.013142663 0.003181469 0.014076366
3.83 0.00999999 0.012585226 0.0031043012 0.013880425
3.8525 0.012500048 0.011765095 0.0026619218 0.0136645
3.875 0.00999999 0.014104113 0.0032540231 0.013454124
3.8925 0.0075000525 0.018181797 0.0042372774 0.013294421
3.91 0.00999999 0.015065562 0.0033249946 0.013138583
3.9275 0.0074999332 0.017618394 0.004133038 0.012985811
3.945 0.00999999 0.014014333 0.0032546425 0.012835826
3.9675 0.012500048 0.010406344 0.002545923 0.012646519
3.9925 0.012500048 0.01069364 0.002543896 0.012439784
4.0150003 0.00999999 0.013924551 0.0032552616 0.012256088
4.035 0.00999999 0.012944349 0.0031017037 0.0120941065
4.0575 0.012500048 0.0123546915 0.0027186584 0.011913352
4.08 0.00999999 0.01321369 0.003099754 0.011734819
4.1025 0.012499809 0.009673285 0.0024863312 0.011559975
4.125 0.010000229 0.013456575 0.0031791755 0.01138902
4.15 0.0149998665 0.008642137 0.0021218406 0.011206464
4.175 0.00999999 0.013816018 0.003176715 0.011029081
4.1975 0.012500048 0.010406344 0.002545923 0.010873677
4.2225 0.012500048 0.0100681335 0.0024834292 0.010703774
4.2475004 0.012500048 0.012211043 0.002719607 0.010535328
4.2700005 0.00999999 0.017231666 0.0035339212 0.010384256
4.2925 0.012499809 0.010693844 0.0025439444 0.010233592
4.3149996 0.00999999 0.014149003 0.0032537135 0.010083417
4.3374996 0.012500048 0.011908744 0.0026609525 0.009935136
4.3625 0.012500048 0.012088304 0.0026597406 0.009773581
4.385 0.00999999 0.015065562 0.0033249946 0.009631598
4.4049997 0.00999999 0.012719898 0.0031033275 0.009507992
4.4300003 0.015000105 0.009193181 0.002170776 0.0093560405
4.4625 0.017499924 0.007711113 0.0019060544 0.009161156
4.4975 0.017499924 0.0070483885 0.0018212431 0.008953907
4.5325003 0.017500162 0.0070375763 0.0017749808 0.008751845
4.5625 0.012499809 0.009673285 0.0024863312 0.00858543
4.59 0.015000105 0.007851405 0.0020734088 0.008438441
4.62 0.015000105 0.010056131 0.002267122 0.008282844
4.6525 0.017499924 0.0072685373 0.001773336 0.008117442
4.6800003 0.00999999 0.012540336 0.0031046257 0.007978919
4.7025003 0.012500048 0.012160129 0.0026592556 0.007867151
4.7325 0.017499924 0.007330557 0.0018192548 0.007721528
4.7675 0.017499924 0.007931262 0.0018603327 0.0075571146
4.8025 0.017500162 0.008136365 0.0018588919 0.007398791
4.8375 0.017499924 0.00916904 0.0019821106 0.007246234
4.8725 0.017499924 0.006832459 0.0017764872 0.007097904
4.9075003 0.017500162 0.007777246 0.0018613681 0.006951516
4.9425 0.017499924 0.0069607175 0.0017755609 0.006804919
4.9775 0.017499924 0.007587074 0.0018174455 0.006657026
5.015 0.01999998 0.0060550934 0.0015943723 0.0064986995
5.0474997 0.012500048 0.01069364 0.002543896 0.00636322
5.08 0.01999998 0.006000826 0.0015542589 0.0062305667
5.1175003 0.017500162 0.0066528064 0.0017777588 0.006080521
5.1575003 0.0224998 0.0062768795 0.0014806128 0.0059244335
5.2025 0.022500038 0.0060091126 0.0014480166 0.005754009
5.255 0.029999971 0.0049745026 0.0011586453 0.0055666408
5.3025 0.017500162 0.006934971 0.001775722 0.0054089227
5.3450003 0.024999857 0.005120942 0.0013052024 0.0052775787
5.3999996 0.029999971 0.0038334918 0.0010906443 0.005114276
5.455 0.025000095 0.004190133 0.0012478016 0.0049534463
5.5 0.01999998 0.0057763746 0.0015558788 0.004822396
5.545 0.025000095 0.0055234274 0.0013333812 0.004691785
5.5875 0.017499924 0.00812154 0.0019032906 0.0045690965
5.625 0.01999998 0.006715379 0.0016293322 0.004461863
5.675 0.029999971 0.0036115015 0.001038978 0.00432247
5.7349997 0.029999971 0.0042375047 0.0010878693 0.004162775
5.7875 0.022500038 0.0060773008 0.0014819406 0.0040294323
5.8374996 0.027499914 0.004371066 0.0011597759 0.0039056672
5.8875 0.022500038 0.005473712 0.001380551 0.003783091
5.9425 0.03250003 0.003897723 0.0010042802 0.0036510848
6.0125 0.037500143 0.0031336022 0.0008510017 0.0034926892
6.0825 0.03249979 0.0037181894 0.0010055216 0.0033462632
6.1475 0.03250003 0.0033198753 0.0009591543 0.0032154503
6.215 0.035000086 0.003216352 0.0009127805 0.003078288
6.2875 0.037499905 0.002829352 0.0008316146 0.002932238
6.4025 0.077500105 0.0027926222 0.0005762084 0.0027249316
6.5175 0.037499905 0.0028054104 0.0008317869 0.002524577
6.5924997 0.037500143 0.0029969236 0.00083040225 0.0023911514
6.685 0.05499983 0.0020665145 0.0005950661 0.0022384175
6.7974997 0.057500124 0.0018439367 0.00057010015 0.0020604383
6.9674997 0.11249995 0.001684395 0.00039814578 0.0018200037
7.1475 0.067500114 0.0016998975 0.00049616897 0.001593692
7.3275003 0.11249995 0.0016747476 0.00039310087 0.0013849966
7.5975 0.15750003 0.0009112301 0.000282229 0.0011241529
8.1675 0.4124999 0.0005755006 0.00016529002 0.0004897976
9.215 0.6350002 0.00017021228 0.00011193613 0.00033127778
