READ SERR 1 2
@wdata.pco
!
2.00378 0.0024899244 0.6746394 1
2.008755 0.0024850368 -0.63696265 1
2.013725 0.0024850368 0.7158942 1
2.0187001 0.0024899244 0.6529099 1
2.023675 0.0024850368 1.7491328 1
2.02865 0.0024900436 -0.9818567 1
2.0336251 0.0024849176 -0.6851923 1
2.0386 0.0024900436 1.2911665 1
2.04358 0.0024899244 0.28343692 1
2.048555 0.0024850368 0.3487757 1
2.05353 0.0024900436 -0.122931324 1
2.05851 0.0024900436 -1.1035457 1
2.06349 0.0024899244 1.6272515 1
2.06847 0.0024900436 1.1533386 1
2.07345 0.0024899244 1.0588871 1
2.07843 0.0024900436 -3.317913 1
2.0834098 0.0024899244 -0.3581324 1
2.0883899 0.0024900436 0.80598414 1
2.09337 0.0024900436 -0.6759761 1
2.09835 0.0024900436 0.013573428 1
2.1033301 0.0024900436 -0.3295829 1
2.1083102 0.0024899244 -2.364208 1
2.11329 0.0024900436 0.49853167 1
2.1182752 0.0024949312 -1.5874317 1
2.12326 0.0024900436 0.3496147 1
2.12824 0.0024899244 0.5395727 1
2.13322 0.0024900436 -0.21525475 1
2.138205 0.0024949312 -0.5965908 1
2.14319 0.0024900436 -0.9343574 1
2.1481748 0.0024949312 0.64461154 1
2.1531599 0.0024900436 1.2748226 1
2.158145 0.0024950504 0.5637659 1
2.16313 0.0024900436 -1.1565377 1
2.1681151 0.0024950504 0.6035773 1
2.1731 0.0024899244 0.111227036 1
2.178085 0.0024950504 1.079069 1
2.183075 0.0024949312 0.40413254 1
2.18806 0.0024900436 -0.020888451 1
2.1930451 0.0024949312 1.7695823 1
2.198035 0.0024950504 -1.9505036 1
2.2030249 0.0024949312 -0.18269919 1
2.20801 0.0024900436 0.8564172 1
2.212995 0.0024950504 1.9001713 1
2.2179852 0.0024949312 -0.4385771 1
2.222975 0.0024950504 -0.4805114 1
2.2279649 0.0024949312 0.61716557 1
2.232955 0.0024950504 2.1854577 1
2.237945 0.0024949312 0.98760325 1
2.242935 0.0024950504 -0.058159 1
2.2479248 0.0024949312 1.1618437 1
2.252915 0.0024950504 0.03803406 1
2.257905 0.0024949312 0.15979123 1
2.2628949 0.0024950504 -0.70393175 1
2.2678847 0.0024949312 0.67555016 1
2.2728748 0.0024951696 0.1977263 1
2.2778652 0.0024950504 1.1140362 1
2.282855 0.0024949312 -0.28533542 1
2.2878451 0.0024950504 -2.8174047 1
2.2928352 0.0024949312 0.7075871 1
2.297825 0.0024950504 -1.7308851 1
2.3028202 0.002499938 -0.28459865 1
2.307815 0.0024950504 0.50150734 1
2.3128052 0.0024949312 0.9777428 1
2.317795 0.0024950504 1.2054648 1
2.3227901 0.002499938 0.3719708 1
2.327785 0.0024950504 -1.0203866 1
2.332775 0.0024949312 -0.6124957 1
2.33777 0.0025000572 -2.0116022 1
2.3427649 0.0024949312 0.68748695 1
2.347755 0.0024950504 -0.6131293 1
2.3527498 0.002499938 1.764527 1
2.357745 0.0024950504 -0.60225487 1
2.362735 0.0024950504 -0.18066274 1
2.3677301 0.002499938 0.90279335 1
2.372725 0.0024950504 0.40939894 1
2.3777199 0.002499938 0.26206768 1
2.382715 0.0024950504 -1.2584704 1
2.38771 0.002499938 -0.2511022 1
2.392705 0.0024950504 -0.82595766 1
2.397695 0.0024949312 -0.0051040417 1
2.40269 0.0025000572 -0.5637507 1
2.4076848 0.0024949312 0.1770866 1
2.41268 0.0025000572 -0.14997922 1
2.417675 0.0024949312 1.2618749 1
2.42267 0.0025000572 1.7217057 1
2.42767 0.002499938 0.97974086 1
2.4326649 0.0024950504 -1.4168959 1
2.4376597 0.002499938 0.38910753 1
2.4426548 0.0024950504 -0.3297145 1
2.44765 0.0025000572 -0.34585184 1
2.455145 0.0049949884 -2.0091212 1
2.4626398 0.002499938 -1.3578632 1
2.467635 0.0024950504 -0.1546085 1
2.47263 0.002499938 0.77036244 1
2.47763 0.0025000572 -0.8552738 1
2.482625 0.0024950504 -0.070904285 1
2.48762 0.0025000572 0.7277639 1
2.49262 0.002499938 -0.880788 1
2.497615 0.0024950504 0.017676868 1
2.5026102 0.002499938 1.5408679 1
2.50761 0.0025000572 -0.3743994 1
2.5126052 0.0024949312 -0.5785754 1
2.5176 0.0025000572 -0.35139865 1
2.5226002 0.002499938 -0.9575868 1
2.5276 0.0025000572 1.0068407 1
2.5325952 0.0024949312 -1.1486228 1
2.53759 0.0025000572 1.340872 1
2.5425901 0.0025000572 -0.8930379 1
2.5475903 0.002499938 1.6509651 1
2.5525851 0.0024950504 0.73795396 1
2.55758 0.002499938 1.6292967 1
2.56258 0.0025000572 -1.5147161 1
2.5675802 0.002499938 -1.5226237 1
2.572575 0.0024950504 -0.021072287 1
2.57757 0.002499938 1.00174 1
2.58257 0.0025000572 -0.82237935 1
2.5875702 0.002499938 0.99838084 1
2.59257 0.0025000572 -0.77103406 1
2.59757 0.002499938 0.21526489 1
2.602565 0.0024950504 0.39257288 1
2.6075602 0.002499938 2.027111 1
2.61256 0.0025000572 1.9000793 1
2.61756 0.002499938 1.3799402 1
2.62256 0.0025000572 0.7576786 1
2.627555 0.0024949312 0.6487489 1
2.63255 0.0025000572 -0.45398527 1
2.6375499 0.002499938 -0.4053106 1
2.64255 0.0025000572 -0.20326464 1
2.64755 0.0025000572 1.0639181 1
2.6525502 0.002499938 1.5996212 1
2.65755 0.0025000572 -0.7711399 1
2.6625452 0.0024949312 -0.60685515 1
2.66754 0.0025000572 0.4302027 1
2.6725402 0.002499938 0.5984495 1
2.67754 0.0025000572 -0.46954164 1
2.68254 0.002499938 0.4469556 1
2.68754 0.0025000572 -0.022071572 1
2.6925402 0.002499938 -1.3266408 1
2.69754 0.0025000572 0.16566668 1
2.70254 0.002499938 1.0116035 1
2.707535 0.0024950504 0.26309627 1
2.7125301 0.002499938 1.3861678 1
2.71753 0.0025000572 0.29998633 1
2.72253 0.002499938 -0.66425955 1
2.72753 0.0025000572 1.585932 1
2.73253 0.002499938 -1.30779 1
2.73753 0.0025000572 1.1943616 1
2.7425299 0.002499938 0.029237954 1
2.74753 0.0025000572 -0.57792825 1
2.75253 0.002499938 -0.12758797 1
2.757525 0.0024950504 -0.07117137 1
2.76252 0.0025000572 -0.0579041 1
2.76752 0.002499938 -0.72092515 1
2.77252 0.0025000572 0.7283256 1
2.7775202 0.002499938 -0.49096334 1
2.78252 0.0025000572 -0.43546388 1
2.78752 0.002499938 0.4348873 1
2.79252 0.0025000572 0.93860584 1
2.7975202 0.002499938 -0.5473428 1
2.80252 0.0025000572 -0.70686007 1
2.80752 0.002499938 0.6048607 1
2.81252 0.0025000572 1.1693552 1
2.8200202 0.004999995 -1.1681868 1
2.82752 0.002499938 -0.057586137 1
2.83252 0.0025000572 -0.46378037 1
2.8375149 0.0024949312 0.6086982 1
2.84251 0.0025000572 1.2378932 1
2.8475099 0.002499938 0.023285056 1
2.85251 0.0025000572 -0.85974914 1
2.8600101 0.004999995 -0.7294652 1
2.8675098 0.002499938 2.422521 1
2.87251 0.0025000572 1.7434968 1
2.87751 0.0025000572 0.9484754 1
2.8825102 0.002499938 0.4861261 1
2.88751 0.0025000572 -0.10983515 1
2.89251 0.002499938 0.28478122 1
2.89751 0.0025000572 -0.72682583 1
2.9025102 0.002499938 -0.46314687 1
2.90751 0.0025000572 2.4467912 1
2.91251 0.002499938 -0.99949306 1
2.91751 0.0025000572 -0.6984309 1
2.9225101 0.002499938 -0.9162915 1
2.92751 0.0025000572 0.90809757 1
2.93501 0.004999995 -0.17321375 1
2.9425101 0.002499938 -0.24821445 1
2.94751 0.0025000572 1.1101398 1
2.9525099 0.002499938 0.23737882 1
2.95751 0.0025000572 -0.62722784 1
2.96251 0.002499938 0.437385 1
2.9700098 0.004999995 0.24683237 1
2.97751 0.0025000572 -0.63111967 1
2.98251 0.002499938 0.05541997 1
2.98751 0.0025000572 1.4712772 1
2.9925098 0.002499938 0.24240927 1
3.00001 0.0050001144 0.15069243 1
3.0075102 0.002499938 -0.2845698 1
3.012505 0.0024950504 1.2251335 1
3.0175 0.002499938 0.56754774 1
3.025 0.004999995 -0.9973479 1
3.0325 0.0025000572 -0.05427248 1
3.0375 0.002499938 0.5933353 1
3.0425 0.0025000572 -0.38004184 1
3.0475001 0.002499938 -0.6488101 1
3.0525 0.0025000572 1.1542093 1
3.0575 0.002499938 0.64360553 1
3.0625 0.0025000572 -0.5924506 1
3.0675 0.002499938 1.3639622 1
3.0725 0.0025000572 0.101019144 1
3.0774999 0.002499938 -0.047188118 1
3.0825 0.0025000572 1.1052247 1
3.0875 0.002499938 1.2323995 1
3.0925 0.0025000572 -0.48640132 1
3.0974998 0.002499938 0.17531487 1
3.1025 0.0025000572 0.5715958 1
3.1075 0.002499938 1.7956678 1
3.1125 0.0025000572 0.79729736 1
3.1174998 0.002499938 -0.42735946 1
3.1225 0.0025000572 1.0154161 1
3.1275 0.0025000572 0.42330077 1
3.1325002 0.002499938 1.2157379 1
3.1375 0.0025000572 -0.3196124 1
3.145 0.004999995 -1.297252 1
3.1525002 0.002499938 -0.10309656 1
3.1575 0.0025000572 0.35820556 1
3.1625 0.002499938 0.18191974 1
3.17 0.004999995 -1.3717203 1
3.1799998 0.004999995 -1.1500143 1
3.19 0.004999995 -0.079221234 1
3.1999998 0.004999995 -1.5690594 1
3.2075 0.0025000572 -0.08077019 1
3.2125 0.002499938 0.95261824 1
3.2199998 0.004999995 -1.7843721 1
3.23 0.004999995 -0.23334438 1
3.2375 0.0025000572 0.3976136 1
3.2424998 0.002499938 0.62190676 1
3.2475 0.0025000572 0.8367581 1
3.2525 0.0025000572 0.87199825 1
3.2600002 0.004999995 -0.76097673 1
3.27 0.004999995 0.8026893 1
3.2775002 0.002499938 0.29100034 1
3.2825 0.0025000572 0.69471455 1
3.2875 0.002499938 0.7532724 1
3.295 0.004999995 -0.0003043085 1
3.3049998 0.004999995 -0.02834319 1
3.315 0.004999995 0.51219636 1
3.3249998 0.004999995 -1.1115037 1
3.3325 0.0025000572 1.7202235 1
3.3400002 0.004999995 -0.6888858 1
3.3474998 0.002499938 2.0778189 1
3.3525 0.0025000572 0.6966055 1
3.3600001 0.004999995 -2.5352488 1
3.3674998 0.002499938 0.50662935 1
3.375 0.0050001144 -1.5190097 1
3.3825002 0.002499938 0.71985406 1
3.3899999 0.004999995 -0.12274897 1
3.3975 0.0025000572 0.80396324 1
3.4050002 0.004999995 0.22311993 1
3.415 0.004999995 -1.7535965 1
3.4225001 0.002499938 1.2236567 1
3.4275 0.0025000572 0.85162044 1
3.435 0.004999995 0.20887655 1
3.4425 0.002499938 2.4824684 1
3.4499998 0.004999995 -0.5812812 1
3.46 0.004999995 0.8013842 1
3.4699998 0.004999995 0.15090321 1
3.48 0.004999995 -0.5008941 1
3.4899998 0.004999995 -0.41654876 1
3.4975 0.0025000572 0.8616774 1
3.5025 0.0025000572 1.3239139 1
3.5100002 0.004999995 -0.20966613 1
3.5175 0.002499938 1.2787783 1
3.525 0.004999995 -0.8537152 1
3.5349998 0.004999995 0.38214377 1
3.5425 0.0025000572 0.62310946 1
3.5475001 0.002499938 0.9339069 1
3.5549998 0.004999995 -1.4113467 1
3.565 0.004999995 0.49402997 1
3.5749998 0.004999995 -0.0069323103 1
3.585 0.004999995 -0.9528174 1
3.5949998 0.004999995 0.09849323 1
3.605 0.004999995 -1.5095749 1
3.6149998 0.004999995 -0.76589507 1
3.625 0.0050001144 -0.59920233 1
3.6350002 0.004999995 -0.5586212 1
3.645 0.004999995 0.12236173 1
3.6550002 0.004999995 0.4260499 1
3.6625 0.002499938 1.1509304 1
3.67 0.004999995 -1.12052 1
3.6799998 0.004999995 0.07870954 1
3.69 0.004999995 -0.58711046 1
3.6999998 0.004999995 1.3957143 1
3.71 0.004999995 1.0318881 1
3.7199998 0.004999995 -0.7482398 1
3.73 0.004999995 0.9163571 1
3.7375 0.0025000572 1.0568631 1
3.745 0.004999995 0.98659164 1
3.755 0.004999995 -1.9672602 1
3.7649999 0.004999995 -1.0703776 1
3.775 0.004999995 1.48228 1
3.7849998 0.004999995 -0.6446557 1
3.795 0.004999995 0.06850287 1
3.8025 0.0025000572 1.3942661 1
3.8075 0.002499938 1.9134723 1
3.815 0.004999995 -0.77827084 1
3.8249998 0.004999995 -0.20071769 1
3.835 0.004999995 -0.31075746 1
3.8449998 0.004999995 0.221147 1
3.8525 0.0025000572 1.6156893 1
3.8600001 0.004999995 0.14733928 1
3.87 0.004999995 0.3464068 1
3.88 0.004999995 0.7567353 1
3.8899999 0.004999995 -0.37197548 1
3.9 0.004999995 -0.5593538 1
3.9099998 0.004999995 -0.07012654 1
3.92 0.004999995 -0.24868956 1
3.9299998 0.004999995 -1.6899741 1
3.94 0.004999995 -0.24498582 1
3.9499998 0.004999995 1.267266 1
3.96 0.004999995 -0.7889832 1
3.9699998 0.004999995 -0.33909827 1
3.9775 0.0025000572 2.4909773 1
3.9850001 0.004999995 -1.4473467 1
3.995 0.004999995 1.0508968 1
4.005 0.0050001144 0.32058892 1
4.0150003 0.004999876 0.5587015 1
4.0225 0.0025000572 1.7641418 1
4.0299997 0.004999876 0.6511084 1
4.04 0.0050001144 -0.73748773 1
4.05 0.004999876 2.5646226 1
4.06 0.0050001144 2.2716398 1
4.0699997 0.004999876 -0.6936391 1
4.08 0.0050001144 -0.27305874 1
4.0875 0.0025000572 1.6753209 1
4.0975 0.0074999332 -0.69967735 1
4.1099997 0.004999876 0.77783084 1
4.12 0.0050001144 -0.5451737 1
4.1324997 0.0074999332 -1.0126413 1
4.145 0.0050001144 0.1882818 1
4.1549997 0.004999876 0.9728028 1
4.165 0.0050001144 1.8732235 1
4.175 0.004999876 -0.12856892 1
4.185 0.0050001144 0.83036226 1
4.1949997 0.004999876 0.460976 1
4.205 0.0050001144 -0.46465322 1
4.2174997 0.0074999332 -1.2736654 1
4.23 0.0050001144 1.1048908 1
4.24 0.004999876 -0.19676322 1
4.2525 0.0075001717 -1.4399345 1
4.2675 0.0074999332 -1.3864756 1
4.2799997 0.004999876 0.1424073 1
4.2925 0.0075001717 -0.65288347 1
4.3050003 0.004999876 0.77179325 1
4.3125 0.0025000572 2.2034075 1
4.3225 0.0074999332 -0.9058147 1
4.335 0.0050001144 0.089559756 1
4.3450003 0.004999876 -0.13653934 1
4.3575 0.0074999332 -1.2063115 1
4.37 0.0050001144 0.8940864 1
4.38 0.0050001144 -0.0083462745 1
4.3900003 0.004999876 0.73647916 1
4.4 0.0050001144 -0.22996593 1
4.41 0.004999876 0.0065517365 1
4.42 0.0050001144 -0.17846453 1
4.4300003 0.004999876 0.20836145 1
4.4425 0.0074999332 -2.1567225 1
4.4575 0.0075001717 -0.85425764 1
4.4700003 0.004999876 1.2696847 1
4.48 0.0050001144 0.76941574 1
4.49 0.004999876 0.1685594 1
4.5 0.0050001144 -0.10073346 1
4.51 0.004999876 0.46149927 1
4.52 0.0050001144 0.6945894 1
4.5299997 0.004999876 0.5325548 1
4.5425 0.0075001717 -2.0825996 1
4.5550003 0.004999876 1.0738536 1
4.5675 0.0074999332 0.40137723 1
4.58 0.0050001144 0.17950861 1
4.5924997 0.0074999332 -0.17755839 1
4.6075 0.0074999332 -0.6522552 1
4.6225 0.0075001717 -0.7668235 1
4.635 0.004999876 1.9424444 1
4.6475 0.0075001717 -0.9725246 1
4.6625004 0.0074999332 -1.088696 1
4.675 0.004999876 1.0599499 1
4.685 0.0050001144 0.41250935 1
4.6975 0.0074999332 -0.6325717 1
4.71 0.0050001144 0.9552431 1
4.7225 0.0074999332 -0.890605 1
4.7349997 0.004999876 1.3480866 1
4.7475 0.0075001717 -0.5192325 1
4.76 0.004999876 0.65985626 1
4.77 0.0050001144 1.0747914 1
4.7799997 0.004999876 0.864663 1
4.79 0.0050001144 0.7077355 1
4.8025 0.0074999332 -0.30115834 1
4.815 0.0050001144 1.2955699 1
4.825 0.004999876 1.1541293 1
4.8374996 0.0074999332 -0.049567293 1
4.8525 0.0075001717 0.65114325 1
4.8675003 0.0074999332 -0.1770166 1
4.88 0.0050001144 0.8420566 1
4.8925 0.0074999332 1.2779317 1
4.9049997 0.004999876 1.9666516 1
4.915 0.0050001144 0.88218486 1
4.9275 0.0074999332 0.60870296 1
4.9425 0.0074999332 0.6779173 1
4.96 0.00999999 -0.202846 1
4.9775 0.0075001717 0.7536258 1
4.9925003 0.0074999332 0.22710486 1
5.01 0.00999999 -0.5924908 1
5.0275 0.0074999332 -0.116458796 1
5.045 0.00999999 -0.83970976 1
5.0625 0.0075001717 -0.009598593 1
5.075 0.004999876 2.2618015 1
5.0874996 0.0074999332 0.69807166 1
5.1025 0.0075001717 0.20464624 1
5.1175003 0.0074999332 -0.30381644 1
5.135 0.00999999 -1.6720523 1
5.1549997 0.00999999 -0.81586355 1
5.175 0.00999999 -1.5782444 1
5.1925 0.0074999332 0.79126686 1
5.2075 0.0075001717 1.4996557 1
5.2225 0.0074999332 0.00006225664 1
5.2375 0.0074999332 2.0247328 1
5.2525 0.0075001717 0.8835195 1
5.2700005 0.00999999 0.04906434 1
5.29 0.00999999 -1.1453346 1
5.3075 0.0074999332 0.42689556 1
5.3199997 0.004999876 1.5915014 1
5.335 0.00999999 -0.23704161 1
5.3525 0.0075001717 0.3110751 1
5.37 0.00999999 -0.60326743 1
5.3925 0.012500048 -1.1171495 1
5.4175 0.012499809 -2.1021123 1
5.4399996 0.00999999 -0.43070027 1
5.46 0.00999999 0.057124652 1
5.4799995 0.00999999 0.02749243 1
5.5 0.010000229 -0.0932523 1
5.5150003 0.004999876 1.8376658 1
5.5325003 0.012500048 -0.9473477 1
5.5575 0.012500048 -1.0948365 1
5.58 0.00999999 0.73861283 1
5.6000004 0.00999999 0.24743034 1
5.6225004 0.012500048 0.2468058 1
5.6450005 0.00999999 0.4447997 1
5.665 0.00999999 -0.015864622 1
5.6850004 0.00999999 0.47430044 1
5.705 0.00999999 0.49951932 1
5.7275 0.012499809 -0.57255846 1
5.75 0.010000229 -0.04513871 1
5.7725 0.012499809 -0.49768543 1
5.795 0.00999999 0.6201553 1
5.8199997 0.015000105 0.03938032 1
5.8450003 0.00999999 0.6756084 1
5.8725 0.017499924 -1.1097478 1
5.8975 0.0075001717 2.1336029 1
5.92 0.0149998665 -1.7113415 1
5.9449997 0.00999999 0.6398006 1
5.9700003 0.015000105 -0.56627977 1
6 0.0149998665 -1.1237208 1
6.0275 0.012500048 -0.06963115 1
6.05 0.00999999 0.61889267 1
6.0775 0.017499924 -1.4300675 1
6.1075 0.012500048 1.0965743 1
6.13 0.00999999 1.1403452 1
6.1549997 0.015000105 -0.52261806 1
6.185 0.0149998665 -0.45735604 1
6.2124996 0.012500048 0.8256943 1
6.2375 0.012500048 1.3990599 1
6.26 0.00999999 1.186849 1
6.285 0.015000105 -0.27850273 1
6.315 0.0149998665 -0.09503301 1
6.3450003 0.015000105 0.23577367 1
6.3775 0.017499924 -0.19553487 1
6.4075003 0.012500048 0.6192003 1
6.435 0.0149998665 1.1746551 1
6.4624996 0.012500048 1.000835 1
6.4875 0.012500048 1.2925227 1
6.5175 0.017499924 0.23266104 1
6.5474997 0.012500048 0.93340665 1
6.58 0.01999998 -0.89453346 1
6.625 0.025000095 -1.2152392 1
6.6625004 0.012500048 1.6536479 1
6.695 0.01999998 -0.5272346 1
6.73 0.0149998665 0.79984933 1
6.765 0.01999998 -0.2605596 1
6.81 0.025000095 -0.895583 1
6.86 0.025000095 -0.918905 1
6.8975 0.012499809 2.1920724 1
6.9325 0.022500038 -0.15552627 1
6.9775 0.022500038 0.6365906 1
7.0175 0.017499924 1.450581 1
7.0575 0.022500038 0.6895897 1
7.1025 0.022500038 0.35550553 1
7.145 0.01999998 0.7664886 1
7.1875 0.022500038 0.8550446 1
7.2375 0.027499914 -0.3427525 1
7.2974997 0.03250003 -0.76948094 1
7.3575 0.027500153 0.06200289 1
7.4175 0.03249979 -0.53702706 1
7.4825 0.03250003 -0.4650065 1
7.5425 0.027500153 0.7521229 1
7.6000004 0.029999971 0.72358143 1
7.665 0.034999847 0.10771417 1
7.73 0.03000021 0.88229334 1
7.79 0.029999971 1.0103025 1
8.04 0.22000003 -0.07323684 1
8.3625 0.10249996 -0.28303927 1
8.505 0.03999996 1.583533 1
8.575 0.029999733 1.7103859 1
8.7 0.09500027 0.3405209 1
9.0725 0.27750015 -1.9330133 1
9.425 0.07499981 1.1589335 1
9.74 0.23999977 -0.14085153 1
